# NASA Exoplanet Catalog
# Source: https://exoplanetarchive.ipac.caltech.edu/TAP/sync?query=select+pl_name,pl_rade,pl_radeerr1,pl_radeerr2,pl_masse,pl_masseerr1,pl_masseerr2,pl_eqt+from+ps+where+default_flag=1+and+pl_controv_flag=0+and+pl_rade+is+not+null+and+pl_masse+is+not+null+and+pl_bmassprov='Mass'&format=tsv
# Catalog last updated: 2024-12-15 00:19:21
# pl_name	pl_rade	pl_radeerr1	pl_radeerr2	pl_masse	pl_masseerr1	pl_masseerr2	pl_eqt
OGLE-TR-10 b	14.011	1.569	-1.345	197.04600	44.49400	-44.49400	
HATS-61 b	13.395	0.751	-0.751	1080.62200	44.49620	-44.49620	1.22610000000e+03
HATS-63 b	13.529	0.437	-0.437	305.11680	38.13960	-38.13960	1.39830000000e+03
WASP-76 b	20.781	0.863	-0.852	284.13860	4.44960	-4.13177	2.22800000000e+03
PDS 70 b	30.488	2.242	-1.906	953.49000	317.83000	-317.83000	1.20400000000e+03
VHS J125601.92-125723.9 b	13.675			5085.25451	317.82841	-317.82841	1.19400000000e+03
GQ Lup b	33.600	5.600	-5.600	6356.00000			2.65000000000e+03
PDS 70 c	22.866	6.837	-5.044	635.66000	317.83000	-317.83000	9.95000000000e+02
HD 23472 d	0.750	0.067	-0.057	0.55000	0.21000	-0.20000	9.09000000000e+02
TOI-199 b	9.079	0.056	-0.056	54.03083	6.35657	-6.35657	
K2-29 b	13.339	0.224	-0.224	232.01590	12.71320	-12.71320	1.17100000000e+03
HAT-P-56 b	16.926	1.233	-1.233	734.18730	139.84520	-139.84520	
WASP-183 b	16.477	10.536	-3.699	159.55066	14.93801	-14.93801	1.11100000000e+03
HAT-P-68 b	12.016	0.135	-0.135	230.10892	13.66669	-13.66669	1.02780000000e+03
KELT-7 b	17.934	0.673	-0.673	441.78370	69.92260	-69.92260	
Kepler-105 b	2.530	0.070	-0.070	10.80000	2.30000	-2.30000	
HAT-P-33 b	20.737	5.492	-5.492	292.40360	158.91500	-158.91500	
TOI-260 b	1.710	0.080	-0.080	4.23000	1.60000	-1.60000	4.93000000000e+02
K2-3 b	2.078	0.076	-0.067	5.11000	0.65000	-0.64000	5.01300000000e+02
WASP-136 b	15.468	1.793	-1.793	479.92330	25.42640	-25.42640	1.74200000000e+03
K2-114 b	10.592	0.325	-0.314	638.83510	38.13941	-38.13941	7.01400000000e+02
WASP-71 b	13.227	1.345	-1.345	441.78370	104.88390	-104.88390	
Kepler-25 b	2.748	0.038	-0.035	8.70000	2.50000	-2.30000	
WASP-47 d	3.650	0.030	-0.030	15.50000	0.70000	-0.90000	
WASP-47 e	1.830	0.020	-0.020	9.00000	0.60000	-0.40000	
HD 189733 b	12.666	0.112	-0.112	359.14790	25.42640	-25.42640	
TOI-2384 b	11.489	0.235	-0.235	624.85065	18.75188	-18.75188	8.89700000000e+02
TOI-561 b	1.425	0.037	-0.037	2.00000	0.23000	-0.23000	2.31000000000e+03
WASP-156 b	6.028	0.128	-0.120	41.80000	2.90000	-2.90000	9.34498327568e+02
HAT-P-11 b	4.901	0.065	-0.065	25.00000	1.50000	-1.50000	8.47000000000e+02
K2-222 b	2.350	0.080	-0.070	8.70000	1.70000	-1.70000	8.71000000000e+02
HD 25463 b	2.545	0.112	-0.083	8.70000	2.70000	-2.60000	1.19845980411e+03
Kepler-44 b	12.220	0.780	-0.780	317.82000	31.78000	-31.78000	1.54400000000e+03
KELT-17 b	17.094	0.729	-0.673	416.35730	88.99240	-92.17070	2.08700000000e+03
WASP-166 b	7.062	0.336	-0.336	32.10083	1.58915	-1.58915	1.27000000000e+03
K2-25 b	3.440	0.120	-0.120	24.50000	5.70000	-5.20000	4.94000000000e+02
K2-18 b	2.370	0.220	-0.220	8.92000	1.70000	-1.60000	2.84000000000e+02
K2-329 b	8.676	0.291	-0.269	82.63580	6.35660	-6.99226	6.50000000000e+02
K2-266 d	2.930	0.140	-0.120	8.90000	5.70000	-3.80000	5.38300000000e+02
HAT-P-49 b	17.822	2.018	-2.018	699.22600	187.51970	-187.51970	
WASP-151 b	13.305	0.235	-0.235	100.43378	9.85268	-9.85268	1.31200000000e+03
HD 25463 c	1.364	0.130	-0.096	4.30000	1.90000	-1.90000	1.58556945807e+03
K2-30 b	11.646	0.560	-0.572	184.02357	8.89924	-8.58141	1.09200000000e+03
HD 106315 c	4.350	0.230	-0.230	15.20000	3.70000	-3.70000	8.86000000000e+02
Kepler-63 b	6.110	0.200	-0.200	120.00000			
HAT-P-25 b	12.722	0.538	-0.538	180.84527	7.31009	-6.99226	1.18200000000e+03
WASP-176 b	16.870	0.560	-0.504	271.74465	22.88376	-21.93027	1.72100000000e+03
NGTS-17 b	13.899	1.233	-1.233	242.82090	61.97654	-52.12386	1.45700000000e+03
HD 89345 b	7.398	0.314	-0.336	34.96130	5.40311	-5.72094	1.08900000000e+03
HAT-P-42 b	14.348	1.715	-1.715	331.80100	26.37900	-26.37900	1.42800000000e+03
WASP-65 b	12.464	0.661	-0.661	492.62000	50.85000	-50.85000	1.48000000000e+03
NGTS-25 b	11.467	0.392	-0.583	203.09235	18.43405	-16.52708	1.10100000000e+03
NGTS-27 b	15.648	0.426	-0.392	188.47225	30.19370	-22.88365	1.78300000000e+03
WASP-4 b	14.807	0.437	-0.437	376.94638	28.60470	-31.14734	
NGTS-1 b	14.908	6.837	-3.699	258.07796	20.97678	-23.83725	7.90000000000e+02
NGTS-24 b	13.608	0.650	-0.695	165.27077	38.13941	-34.96112	1.49900000000e+03
WASP-52 b	14.240	0.340	-0.340	146.20000	6.36000	-6.36000	1.31500000000e+03
HAT-P-54 b	10.581	0.314	-0.314	241.55080	10.17056	-10.17056	8.18000000000e+02
K2-27 b	4.480	0.230	-0.230	30.90000	4.60000	-4.60000	9.02000000000e+02
WASP-127 b	14.695	0.280	-0.325	52.34660	6.80156	-5.46668	
55 Cnc e	1.875	0.029	-0.029	7.99000	0.32000	-0.33000	
NGTS-33 b	18.383	0.785	-0.785	1153.71712	85.81367	-85.81367	1.99100000000e+03
K2-3 c	1.582	0.057	-0.051	2.68000	0.85000	-0.85000	3.71800000000e+02
HAT-P-3 b	10.536	0.785	-0.785	206.58950	34.96130	-34.96130	
HD 106315 b	2.440	0.170	-0.170	12.60000	3.20000	-3.20000	1.15300000000e+03
EPIC 246851721 b	11.781	0.493	-0.493	953.49000	349.61300	-381.39600	1.40100000000e+03
TOI-2458 b	2.830	0.200	-0.180	13.31000	0.99000	-0.96000	1.50940000000e+03
TOI-3261 b	3.820	0.420	-0.350	30.30000	2.20000	-2.40000	1.72200000000e+03
NGTS-15 b	12.330	1.121	-1.121	238.68913	32.41850	-27.96890	1.14600000000e+03
TOI-2803 A b	18.114	0.381	-0.359	309.88270	26.37976	-22.24799	1.89300000000e+03
Kepler-25 c	5.217	0.070	-0.065	15.20000	1.30000	-1.60000	
WASP-17 b	20.961	2.690	-2.690	247.90740	73.10090	-73.10090	
HAT-P-24 b	14.572	2.354	-2.354	238.37250	79.45750	-79.45750	
HAT-P-50 b	14.437	0.717	-0.717	429.07050	23.20159	-23.20159	1.86200000000e+03
K2-266 e	2.730	0.140	-0.110	14.30000	6.40000	-5.00000	4.90100000000e+02
WASP-181 b	13.271	0.796	-0.661	95.03117	10.80622	-10.80622	1.18600000000e+03
WASP-47 b	12.860	0.100	-0.100	374.00000	17.00000	-16.00000	
GJ 3470 b	4.570	0.180	-0.180	13.90000	1.50000	-1.50000	5.93500000000e+02
TOI-561 c	2.910	0.040	-0.040	5.39000	0.69000	-0.68000	8.00000000000e+02
WASP-12 b	21.712	0.628	-0.628	465.62095	25.10857	-25.10857	2.59260000000e+03
K2-3 d	1.458	0.056	-0.051	2.20000			3.05200000000e+02
TOI-4860 b	8.700	0.400	-0.400	86.70000	1.90000	-1.90000	6.94000000000e+02
NGTS-3 A b	16.589	4.147	-4.147	756.43540	82.63580	-82.63580	
TOI-5344 b	10.604	0.235	-0.235	130.94530	12.71314	-12.71314	6.89000000000e+02
TOI-2818 b	15.278	0.516	-0.504	225.65817	82.63539	-82.63539	1.37600000000e+03
TOI-2141 b	3.050	0.230	-0.230	24.00000	4.00000	-4.00000	7.22000000000e+02
BD-14 3065 b	21.590	1.050	-1.050	3932.00000	290.00000	-280.00000	2.00100000000e+03
HAT-P-64 b	19.089	0.785	-0.785	184.34048	57.20911	-41.31769	1.76600000000e+03
Kepler-105 c	1.440	0.040	-0.040	5.60000	1.20000	-1.20000	
HAT-P-39 b	17.609	1.211	-0.908	190.37200	31.46400	-31.46400	1.75200000000e+03
HR 8799 b	13.000	1.000	-1.000	2000.00000	1000.00000	-600.00000	
NGTS-8 b	12.218	0.336	-0.336	295.58190	12.71320	-9.53490	1.34500000000e+03
TOI-1669 c	2.296	0.102	-0.090	13.00000			1.28515919336e+03
NGTS-10 b	13.507	1.311	-0.930	687.14846	29.24036	-34.00781	1.33200000000e+03
KELT-9 b	21.196	0.684	-0.594	915.35040	266.97720	-266.97720	4.05000000000e+03
TOI-3629 b	8.295	0.224	-0.224	82.63539	6.35657	-6.35657	6.90000000000e+02
TrES-5 b	13.384	0.168	-0.168	568.91570	21.61244	-21.61244	1.48000000000e+03
TOI-5205 b	11.600	0.300	-0.300	343.00000	18.00000	-17.00000	7.37000000000e+02
TOI-1736 b	3.182	0.122	-0.095	12.30000	1.50000	-1.40000	1.09978541438e+03
XO-6 b	23.203	2.466	-2.466	1398.45200			1.57700000000e+03
NGTS-13 b	12.801	0.516	-0.516	1538.29720	139.84520	-139.84520	1.60500000000e+03
TOI-4463 A b	13.260	0.717	-0.504	252.35576	12.39531	-12.71314	1.39500000000e+03
TOI-2796 b	17.262			139.84450	31.78284	-34.96112	1.20500000000e+03
WASP-124 b	13.899	0.336	-0.336	190.69800	22.24810	-22.24810	1.40000000000e+03
WASP-25 b	11.994	1.121	-1.121	139.84520	31.78300	-31.78300	
TOI-3984 A b	7.900	0.240	-0.240	44.00000	8.70000	-8.00000	5.63000000000e+02
WASP-13 b	13.675	1.569	-1.569	114.41880	28.60470	-28.60470	
TOI-1273 b	11.097	2.466	-2.466	70.55791	4.76743	-4.76743	1.21100000000e+03
K2-260 b	18.416	0.650	-0.818	546.66486	108.06166	-111.23994	2.09000000000e+03
HD 21520 b	2.697	0.090	-0.090	17.70000			6.37000000000e+02
WASP-58 b	16.029	1.569	-1.569	308.29510	88.99240	-88.99240	
TOI-2524 b	11.209	0.224	-0.336	203.41018	12.71314	-12.71314	1.10000000000e+03
TOI-1231 b	3.650	0.160	-0.150	15.40000	3.30000	-3.30000	3.29600000000e+02
LHS 1815 b	1.088	0.064	-0.064	1.58000	0.64000	-0.60000	
TOI-4377 b	15.110	0.908	-0.908	304.16179	28.28673	-27.65107	
TOI-1853 b	3.460	0.080	-0.080	73.20000	2.70000	-2.70000	1.47900000000e+03
HATS-35 b	16.410	0.773	-0.493	388.38826	24.79074	-24.79074	2.03700000000e+03
TOI-150.01	14.067	0.235	-0.213	797.75330	38.13960	-38.13960	1.40450000000e+03
HD 213885 b	1.745	0.051	-0.052	8.83000	0.66000	-0.65000	2.12800000000e+03
WASP-43 b	10.424	0.785	-1.009	565.71400	31.78200	-31.78200	
HATS-2 b	12.576	0.269	-0.269	435.42492	50.85255	-50.85255	1.55000000000e+03
Wolf 327 b	1.240	0.060	-0.060	2.53000	0.46000	-0.46000	9.96000000000e+02
HAT-P-18 b	11.153	0.583	-0.583	62.61000	4.13200	-4.13200	8.52000000000e+02
TOI-1062 b	2.265	0.096	-0.091	10.15000	0.81000	-0.84000	1.07700000000e+03
TOI-431 b	1.280	0.040	-0.040	3.07000	0.35000	-0.35000	1.86200000000e+03
WASP-84 b	10.720	0.270	-0.270	220.00000	18.00000	-18.00000	7.32000000000e+02
HATS-18 b	14.897	0.841	-0.841	629.14449	24.15508	-24.15508	2.06948000000e+03
WASP-19 b	15.861	0.493	-0.538	366.77398	24.79062	-25.42627	2.11300000000e+03
WASP-66 b	15.693	3.139	-3.139	746.90050	311.47340	-311.47340	
WASP-129 b	10.424	0.336	-0.336	317.83000	31.78300	-31.78300	1.10000000000e+03
HATS-22 b	10.682	0.538	-0.325	870.85420	34.96130	-34.96130	8.58000000000e+02
COCONUTS-2 b	12.442	0.336	-0.448	2542.62726	635.65681	-635.65681	
Kepler-328 c	5.400	2.240	-0.540	39.40000	13.60000	-12.60000	
TOI-1898 b	9.396	0.234	-0.309	129.00000	7.00000	-8.00000	6.74540685381e+02
TOI-4406 b	11.209	0.224	-0.224	95.34852	9.53485	-9.53485	9.04000000000e+02
LHS 1140 b	1.730	0.025	-0.025	5.60000	0.19000	-0.19000	2.26000000000e+02
TOI-1410.01	3.101	0.220	-0.161	12.50000	1.10000	-1.00000	1.23670409558e+03
HD 77946 b	2.896	0.187	-0.142	10.90000	1.80000	-1.70000	1.12885978125e+03
TOI-1173 b	9.190	0.180	-0.180	27.40000	1.70000	-1.70000	8.68000000000e+02
TOI-421 c	5.090	0.070	-0.070	14.10000	1.40000	-1.40000	6.35000000000e+02
TOI-1685 b	1.468	0.050	-0.051	3.03000	0.33000	-0.32000	1.06200000000e+03
WASP-98 b	12.823	0.381	-0.381	293.03926	25.42640	-25.42640	1.17100000000e+03
Kepler-454 b	2.370	0.130	-0.130	5.40000	1.40000	-1.40000	9.16000000000e+02
Kepler-414 c	3.010	0.540	-0.250	29.90000	12.40000	-10.50000	
Kepler-82 c	5.340	0.320	-0.130	13.90000	1.30000	-1.20000	
Kepler-101 b	5.770	0.850	-0.790	51.10000	5.10000	-4.70000	1.51300000000e+03
Kepler-305 b	3.600	0.900	-0.360	10.50000	2.60000	-2.00000	
Kepler-177 c	8.730	0.360	-0.340	14.70000	2.70000	-2.50000	
Kepler-85 c	1.978	0.056	-0.057	2.15000	0.73000	-0.57000	
Kepler-4 b	4.002	0.213	-0.213	24.47200	3.81400	-3.81400	1.65000000000e+03
Kepler-107 c	1.597	0.026	-0.026	10.00000	2.00000	-2.00000	1.37800000000e+03
Kepler-99 b	1.480	0.080	-0.080	6.15000	1.30000	-1.30000	
KOI-1783.01	8.860	0.250	-0.240	71.00000	11.20000	-9.20000	
Kepler-48 b	1.880	0.100	-0.100	3.94000	2.10000	-2.10000	
Kepler-100 d	1.610	0.050	-0.050	3.00000			
Kepler-12 b	19.661	0.347	-0.404	137.30256	16.84499	-16.20933	1.48000000000e+03
TrES-2 b	15.244	0.897	-0.897	473.56670	69.92260	-69.92260	
Kepler-145 b	2.650	0.080	-0.080	37.10000	11.60000	-11.60000	
Kepler-107 e	2.903	0.035	-0.035	14.10000	3.30000	-3.30000	9.55000000000e+02
Kepler-9 c	8.080	0.540	-0.410	29.90000	1.10000	-1.30000	
Kepler-103 b	3.486	0.057	-0.054	9.80000	3.90000	-3.90000	9.73000000000e+02
Kepler-553 c	11.579	0.359	-0.280	2129.45033	139.84450	-136.66622	2.51000000000e+02
Kepler-101 c	1.250	0.190	-0.170	3.78000			1.41300000000e+03
KOI-94 b	1.710	0.160	-0.160	10.50000	4.60000	-4.60000	1.48600000000e+03
Kepler-276 c	2.900	1.270	-0.280	16.60000	4.40000	-3.60000	
Kepler-30 c	12.300	0.400	-0.400	640.00000	50.00000	-50.00000	
Kepler-85 b	1.778	0.050	-0.050	1.84000	0.60000	-0.47000	
Kepler-282 e	3.100	1.260	-0.250	56.20000	16.20000	-16.70000	
Kepler-11 g	3.330	0.060	-0.080	25.00000			
Kepler-1513 b	8.594	0.036	-0.022	48.30992	33.05415	-19.38753	
Kepler-100 b	1.320	0.040	-0.040	7.34000	3.20000	-3.20000	
Kepler-338 e	1.560	0.070	-0.070	8.50000	7.20000	-6.30000	
Kepler-553 b	4.741	0.179	-0.123	116.00737			1.08900000000e+03
Kepler-419 b	10.800	1.400	-1.300	794.50000	95.30000	-95.30000	
Kepler-80 d	1.530	0.090	-0.070	6.75000	0.69000	-0.51000	
Kepler-58 b	2.780			35.50000			
Kepler-36 b	1.498	0.061	-0.049	3.83000	0.11000	-0.10000	
Kepler-100 c	2.200	0.050	-0.050	7.05000			
KELT-23 A b	14.830	0.280	-0.280	298.12454	15.25584	-13.98452	1.56100000000e+03
Kepler-31 c	5.300	1.100	-1.100	1493.70000			
Kepler-20 c	2.894	0.036	-0.033	11.10000	2.10000	-2.10000	8.28000000000e+02
Kepler-27 b	4.000			2895.31000			
Kepler-37 d	2.030	0.030	-0.039	2.00000			4.99000000000e+02
Kepler-117 c	12.341	0.392	-0.392	584.78000	57.21000	-57.21000	7.04000000000e+02
Kepler-60 c	1.900	0.150	-0.150	3.85000	0.81000	-0.81000	
Kepler-60 d	1.990	0.160	-0.160	4.16000	0.84000	-0.75000	
Kepler-6 b	14.617	0.202	-0.370	212.31044	12.07754	-11.12405	1.46000000000e+03
Kepler-15 b	10.760	0.670	-0.780	209.76000	25.43000	-28.60000	
Kepler-307 b	2.430	0.090	-0.090	7.44000	0.91000	-0.87000	
Kepler-20 f	0.952	0.047	-0.087	1.40000			6.81000000000e+02
Kepler-11 d	3.120	0.060	-0.070	7.30000	0.80000	-1.50000	
HD 209458 b	15.581	0.224	-0.224	232.01590	12.71320	-12.71320	
KELT-3 b	17.486	1.233	-1.233	616.59020	104.88390	-104.88390	
WASP-50 b	13.070	0.482	-0.482	466.82870	29.24036	-29.24036	1.39484000000e+03
Kepler-80 c	2.740	0.120	-0.100	6.74000	1.23000	-0.86000	
Kepler-53 b	2.890			111.00000			
Kepler-53 c	3.170			36.00000			
Kepler-77 b	10.761	0.179	-0.179	136.66100	10.17000	-10.17000	1.44000000000e+03
Kepler-422 b	12.890	1.230	-1.230	136.66000	41.32000	-41.32000	
Kepler-62 f	1.410	0.070	-0.070	35.00000			2.08000000000e+02
Kepler-277 b	2.920	0.730	-0.630	87.30000	41.70000	-39.90000	
Kepler-37 c	0.755	0.033	-0.055	1.30000			6.15000000000e+02
Kepler-23 b	1.638	0.047	-0.047	2.56000	0.43000	-0.40000	
Kepler-131 b	2.410	0.200	-0.200	16.13000	3.50000	-3.50000	
Kepler-276 d	2.800	1.230	-0.270	16.30000	5.00000	-4.30000	
KOI-142 b	3.438	0.075	-0.075	9.50000	1.10000	-1.10000	
Kepler-418 b	13.450	1.790	-1.790	349.61125			
WASP-172 b	17.598	1.121	-1.121	149.38010	31.78300	-31.78300	1.74000000000e+03
K2-287 b	9.494	0.146	-0.146	100.11645	8.58141	-8.58141	8.04000000000e+02
Kepler-37 b	0.310	0.006	-0.008	0.79000			7.18000000000e+02
Kepler-58 c	2.860			53.00000			
Kepler-111 c	7.084	0.258	-0.235	222.47988	44.49598	-41.31769	3.52200000000e+02
Kepler-305 d	2.760	0.120	-0.120	6.20000	1.76000	-1.34000	
Kepler-51 d	9.700	0.500	-0.500	7.60000	1.10000	-1.10000	3.81000000000e+02
Kepler-435 b	22.310	2.020	-2.020	266.97000	47.67000	-47.67000	1.72900000000e+03
Kepler-1655 b	2.213	0.082	-0.082	5.40000	1.70000	-1.70000	9.38000000000e+02
Kepler-447 b	18.490	6.610	-6.280	435.41000	152.55000	-146.20000	
Kepler-109 b	2.490	0.110	-0.110	4.90000			1.27600000000e+03
Kepler-48 d	2.040	0.110	-0.110	7.93000	4.60000	-4.60000	
Kepler-103 c	5.450	0.180	-0.180	38.00000	17.00000	-16.00000	4.34000000000e+02
Kepler-24 c	2.514	0.098	-0.098	9.99000	2.01000	-1.66000	
Kepler-62 d	1.950	0.070	-0.070	14.00000			5.10000000000e+02
Kepler-9 b	8.290	0.540	-0.430	43.40000	1.60000	-2.00000	
Kepler-434 b	12.670	2.910	-2.020	908.96000	111.24000	-111.24000	1.00000000000e+03
Kepler-223 c	3.440	0.200	-0.300	5.10000	1.70000	-1.10000	
Kepler-102 e	2.170	0.110	-0.110	4.70000	1.80000	-1.80000	5.90000000000e+02
Kepler-7 b	18.181	0.146	-0.146	140.16303	13.66669	-13.34886	1.63000000000e+03
Kepler-18 d	6.980	0.330	-0.330	16.40000	1.40000	-1.40000	
Kepler-93 b	1.478	0.019	-0.019	4.66000	0.53000	-0.53000	1.13300000000e+03
KOI-1831 d	1.130	0.050	-0.050	2.23000	0.50000	-0.84000	4.75000000000e+02
Kepler-128 c	1.521	0.047	-0.047	3.38000	0.67000	-0.59000	
Kepler-11 f	2.490	0.040	-0.070	2.00000	0.80000	-0.90000	
Kepler-62 b	1.310	0.040	-0.040	9.00000			7.50000000000e+02
Kepler-238 e	5.600	2.370	-0.460	169.70000	71.70000	-69.10000	
Kepler-106 c	2.500	0.320	-0.320	10.44000	3.20000	-3.20000	
Kepler-129 c	2.520	0.070	-0.070	43.00000	13.00000	-12.00000	
Kepler-20 e	0.821	0.022	-0.022	0.76000			1.00400000000e+03
Kepler-424 b	9.980	0.900	-0.670	327.35000	41.32000	-41.32000	
Kepler-425 b	10.962	0.247	-0.247	79.45000	25.43000	-25.43000	1.07000000000e+03
KOI-1599.01	1.900	0.300	-0.300	4.60000	0.30000	-0.30000	
TOI-6651 b	5.090	0.270	-0.260	61.00000	7.60000	-7.90000	1.49300000000e+03
TOI-1518 b	21.017	0.594	-0.594	731.00534			2.49200000000e+03
WASP-186 b	12.442	0.336	-0.336	1341.24260	57.20940	-57.20940	
TOI-532 b	5.820	0.190	-0.190	61.50000	9.70000	-9.30000	8.67000000000e+02
TOI-1431 b	16.701	0.560	-0.560	991.62463	57.20911	-57.20911	2.37000000000e+03
TOI-1670 c	11.063	0.280	-0.280	200.23190	28.60456	-25.42627	6.84000000000e+02
TOI-1670 b	2.060	0.190	-0.150	41.31769			1.06200000000e+03
CoRoT-8 b	6.390	0.220	-0.220	69.92000	9.53000	-9.53000	
CoRoT-10 b	10.870	0.780	-0.780	874.00000	50.85000	-50.85000	6.00000000000e+02
CoRoT-12 b	16.140	1.460	-1.460	291.43800	22.24700	-20.65800	1.44200000000e+03
HIP 94235 b	3.000	0.320	-0.280	379.00000			1.06000000000e+03
TOI-2567 b	10.929	0.347	-0.325	63.88351	10.80617	-9.85268	1.35200000000e+03
HD 191939 b	3.410	0.075	-0.075	10.00000	0.70000	-0.70000	8.80000000000e+02
HD 191939 c	3.195	0.075	-0.075	8.00000	1.00000	-1.00000	6.00000000000e+02
TOI-1416 b	1.620	0.080	-0.080	3.48000	0.47000	-0.47000	1.51700000000e+03
GJ 806 b	1.331	0.023	-0.023	1.90000	0.17000	-0.17000	9.40000000000e+02
V1298 Tau e	9.976			321.00669	111.23994	-82.63539	
TOI-1836 c	2.600	0.221	-0.144	8.00000			2.00759662235e+03
HD 63433 c	2.582	0.057	-0.056	17.20000	10.30000	-9.30000	6.22305801154e+02
TOI-1248 b	6.808	0.117	-0.120	27.40000	3.60000	-3.50000	9.52089801092e+02
WASP-73 b	15.917	2.466	-2.466	908.99380	292.40360	-292.40360	
HAT-P-55 b	14.841	0.258	-0.247	189.42573	23.20147	-22.88365	1.36700000000e+03
TOI-2379 b	11.725	0.258	-0.258	1830.69162	63.56568	-63.56568	6.24000000000e+02
Kepler-462 c	4.000	0.200	-0.200	6.00000	10.80000	-4.90000	
WASP-54 b	17.710	1.906	-1.906	187.51970	44.49620	-44.49620	
Kepler-47 d	7.040	0.660	-0.490	19.02000	23.84000	-11.67000	
Kepler-328 b	2.300	0.960	-0.230	28.50000	12.90000	-12.30000	
WASP-153 b	17.374	1.121	-0.897	123.95370	6.35660	-6.35660	1.70000000000e+03
LTT 3780 b	1.325	0.057	-0.058	2.46000	0.19000	-0.19000	9.03000000000e+02
Kepler-413 b	4.347	0.099	-0.099	67.00000	22.00000	-21.00000	
WASP-2 b	12.117	0.460	-0.448	295.89973	19.06980	-18.43414	1.31100000000e+03
GJ 436 b	4.170	0.168	-0.168	22.10000	2.30000	-2.30000	
WASP-56 b	10.536	1.009	-1.009	143.02350	28.60470	-28.60470	
LTT 3780 c	2.390	0.100	-0.110	8.04000	0.50000	-0.48000	3.59000000000e+02
HATS-57 b	12.767	0.314	-0.314	1000.21101	23.20159	-23.20159	1.41340000000e+03
HD 202772 A b	17.318	0.583	-0.673	323.23311	22.24810	-21.61244	2.13200000000e+03
KELT-20 b	19.515	0.773	-0.829	1074.90106			2.26200000000e+03
TIC 172900988 b	11.250	0.440	-0.440	942.00000	5.60000	-5.60000	
TOI-4438 b	2.520	0.130	-0.130	5.40000	1.10000	-1.10000	4.35000000000e+02
TIC 393818343 b	12.184	0.258	-0.235	1379.37529	47.67426	-47.67426	8.05500000000e+02
TOI-5005 b	6.250	0.240	-0.240	32.70000	5.90000	-5.90000	1.04000000000e+03
G 9-40 b	1.900	0.065	-0.065	4.00000	0.63000	-0.63000	4.40600000000e+02
GJ 9827 b	1.440	0.090	-0.070	4.28000	0.35000	-0.33000	1.03501000000e+03
GJ 9827 c	1.130	0.070	-0.050	1.86000	0.37000	-0.39000	7.15940000000e+02
GJ 9827 d	1.980	0.110	-0.100	3.02000	0.58000	-0.57000	6.75000000000e+02
TOI-172 b	10.817	0.359	-0.325	1722.63860	69.92260	-63.56600	1.19800000000e+03
HATS-41 b	14.908	3.251	-2.242	3082.95100	508.52800	-508.52800	1.71000000000e+03
TOI-181 b	6.956	0.087	-0.101	46.16870	2.71000	-7.83000	8.95100000000e+02
Kepler-78 b	1.201	0.028	-0.028	1.68000	0.27000	-0.27000	2.22300000000e+03
TOI-4641 b	8.183	0.291	-0.314	1229.99594			
TOI-1347 c	1.600	0.100	-0.100	6.40000			1.00000000000e+03
L 98-59 c	1.385	0.095	-0.075	2.22000	0.26000	-0.25000	5.53000000000e+02
L 98-59 d	1.521	0.119	-0.098	1.94000	0.28000	-0.28000	4.16000000000e+02
TOI-4914 b	12.870	0.360	-0.360	227.00000	13.00000	-13.00000	8.94000000000e+02
HIP 116454 b	2.469	0.100	-0.091	9.70000	1.20000	-1.20000	7.53200000000e+02
GJ 486 b	1.289	0.019	-0.014	2.77000	0.07600	-0.07300	6.96300000000e+02
HD 93963 A c	3.120	0.135	-0.104	18.40000	3.20000	-3.10000	1.21245218529e+03
TOI-2076 c	3.694	0.142	-0.111	55.00000			5.43158366233e+02
TOI-1794 b	3.297	0.167	-0.137	8.70000	4.10000	-4.00000	9.92909309453e+02
TOI-1246 c	2.451	0.138	-0.088	9.10000	1.30000	-1.20000	8.62487782310e+02
TOI-2088 b	3.683	0.193	-0.141	37.00000			3.00333929048e+02
TOI-1444 b	1.418	0.047	-0.041	3.58000	0.76000	-0.75000	2.13001904707e+03
TOI-1824 b	2.744	0.087	-0.072	16.00000	2.60000	-2.60000	5.28667505616e+02
HD 63935 b	2.916	0.093	-0.077	10.50000	1.60000	-1.50000	8.25218715380e+02
HATS-45 b	14.415	1.042	-1.042	222.48100	47.67450	-47.67450	1.51800000000e+03
TOI-163 b	16.690	0.381	-0.381	387.75260	38.13960	-38.13960	1.66900000000e+03
TOI-837 b	9.169	0.381	-0.269	120.45697	18.43405	-19.38753	9.95300000000e+02
TOI-220 b	3.030	0.150	-0.150	13.80000	1.00000	-1.00000	8.05000000000e+02
Kepler-1647 b	11.874	0.138	-0.138	483.00000	206.00000	-206.00000	
HATS-1 b	14.594	1.816	-1.098	589.55000	83.26800	-62.29200	1.35900000000e+03
TOI-1775 b	8.047	0.143	-0.128	96.00000	15.00000	-15.00000	7.07891857792e+02
TOI-1776 b	1.216	0.090	-0.077	1.40000	1.10000	-1.00000	1.26920956488e+03
TOI-1807 b	1.497	0.081	-0.068	2.44000	0.60000	-0.57000	1.69409703376e+03
TOI-762 A b	8.339	0.191	-0.191	79.77493	13.34879	-13.34879	5.55400000000e+02
TOI-2374 b	6.810	0.300	-0.300	56.64000	3.49000	-4.27000	8.85000000000e+02
TOI-1443 b	2.304	0.127	-0.101	30.00000			5.20656878979e+02
TOI-3884 b	6.430	0.200	-0.200	32.59000	7.31000	-7.38000	4.41000000000e+02
TOI-5634 A b	10.420	0.620	-0.550	588.00000			8.37000000000e+02
Kepler-114 c	1.600	0.180	-0.180	2.80000	0.60000	-0.60000	
Kepler-350 d	2.800	1.280	-0.540	14.90000	5.30000	-4.70000	
HAT-P-59 b	12.588	0.146	-0.146	489.45575	21.29450	-21.29450	1.27780000000e+03
WASP-57 b	11.769	0.594	-0.594	204.68252	19.70546	-19.70546	1.33800000000e+03
WASP-83 b	11.657	0.897	-0.560	95.34900	9.53490	-9.53490	1.12000000000e+03
WASP-135 b	14.572	1.009	-1.009	603.87700	25.42640	-25.42640	
WASP-113 b	15.793	1.076	-1.569	150.96925	17.16282	-16.52716	1.49600000000e+03
WASP-142 b	17.150	0.897	-0.897	266.97720	28.60470	-28.60470	2.00000000000e+03
Kepler-432 b	12.834	0.404	-0.437	1719.46030	101.70560	-57.20940	
Kepler-539 b	8.373	0.191	-0.191	308.29510	92.17070	-92.17070	3.87600000000e+02
HAT-P-65 b	18.058	0.269	-0.269	176.07694	29.24021	-28.92239	1.81800000000e+03
Kepler-417 b	2.310	0.860	-0.170	11.00000	9.30000	-7.90000	
Kepler-38 b	4.300	0.110	-0.110	122.00000			4.75000000000e+02
WASP-46 b	13.159	0.415	-0.415	607.05530	41.31790	-41.31790	1.63600000000e+03
WASP-63 b	15.805	1.569	-1.569	117.59710	28.60470	-28.60470	
HATS-3 b	15.480	0.392	-0.392	340.38200	43.22300	-43.22300	1.64800000000e+03
GJ 3090 b	2.130	0.110	-0.110	3.34000	0.72000	-0.72000	6.93000000000e+02
WASP-164 b	12.644	0.460	-0.482	676.97790	38.13960	-41.31790	1.61000000000e+03
HATS-25 b	14.123	1.121	-1.121	194.82979	13.34886	-13.34886	1.27700000000e+03
LP 714-47 b	4.700	0.300	-0.300	30.80000	1.50000	-1.50000	7.00000000000e+02
TOI-778 b	15.400	0.500	-0.500	878.00000	77.00000	-72.00000	1.56100000000e+03
HATS-33 b	13.787	1.255	-0.908	378.85336	16.84499	-16.84499	1.42900000000e+03
TOI-2420 b	15.020	0.829	-0.807	294.62693	27.01541	-25.10844	1.57160000000e+03
TOI-2485 b	12.139	0.504	-0.504	766.60212	27.96890	-27.65107	1.13400000000e+03
GJ 1252 b	1.193	0.074	-0.074	1.32000	0.28000	-0.28000	
TOI-2525 b	8.676	0.112	-0.112	26.69759	1.58914	-1.58914	
TOI-5678 b	4.910	0.080	-0.080	20.00000	4.00000	-4.00000	5.13000000000e+02
TOI-4600 b	6.800	0.310	-0.300	959.84179			3.47000000000e+02
TOI-5398 b	10.300	0.400	-0.400	58.70000	5.70000	-5.60000	9.47000000000e+02
TOI-5398 c	3.520	0.190	-0.190	11.80000	4.80000	-4.70000	1.24200000000e+03
KOI-13 b	16.948	0.392	-0.392	2949.46240	50.85280	-50.85280	2.55000000000e+03
TOI-329 b	4.941	0.292	-0.256	40.40000	3.80000	-3.70000	1.21301549712e+03
TOI-776 b	1.798	0.078	-0.077	5.00000	1.60000	-1.60000	5.20000000000e+02
TOI-776 c	2.047	0.081	-0.078	6.90000	2.60000	-2.50000	4.20000000000e+02
TOI-663 b	2.270	0.100	-0.090	4.45000	0.63000	-0.66000	6.74000000000e+02
TOI-663 c	2.260	0.100	-0.100	3.65000	0.97000	-0.97000	5.53000000000e+02
TOI-663 d	1.920	0.130	-0.130	5.20000			4.82000000000e+02
HD 183579 b	3.490	0.070	-0.064	20.40000	2.60000	-2.50000	7.52000000000e+02
L 168-9 b	1.630	0.140	-0.140	4.07000	0.45000	-0.45000	9.98000000000e+02
TOI-1298 b	9.658	0.199	-0.173	99.00000	6.00000	-6.00000	1.27800384609e+03
TOI-4010 d	6.180	0.140	-0.150	38.15000	3.27000	-3.22000	6.50000000000e+02
TOI-1842 b	12.349	0.279	-0.294	89.40000	7.80000	-7.80000	1.19955036721e+03
TOI-2529 b	11.545	0.560	-0.560	743.71847	62.61220	-61.97654	6.36000000000e+02
TOI-286 b	1.420	0.100	-0.100	4.53000	0.78000	-0.78000	9.79000000000e+02
HIP 97166 b	2.480	0.073	-0.052	19.10000	1.60000	-1.50000	7.01661168377e+02
TOI-1272 b	4.132	0.226	-0.151	27.00000	2.70000	-2.50000	9.75002388905e+02
TOI-1855 b	18.495	5.829	-4.147	360.09959	30.51153	-28.92239	1.70100000000e+03
HATS-24 b	15.637	0.639	-0.639	718.29580	54.03110	-54.03110	2.16600000000e+03
TOI-2107 b	13.574	0.392	-0.359	263.79758	34.96112	-34.96112	1.39700000000e+03
TOI-3757 b	12.000	0.400	-0.500	85.30000	8.80000	-8.70000	7.59000000000e+02
TOI-2368 b	10.839	0.404	-0.347	206.58846	57.20911	-57.20911	1.00000000000e+03
HATS-52 b	15.491	0.964	-0.964	711.93920	47.67450	-47.67450	1.83400000000e+03
WASP-190 b	12.890	1.009	-1.009	317.83000	31.78300	-31.78300	1.50000000000e+03
TOI-270 d	2.133	0.058	-0.058	4.78000	0.43000	-0.43000	3.87000000000e+02
WASP-91 b	11.545	0.448	-0.448	425.89220	25.42640	-25.42640	1.16000000000e+03
HAT-P-30 b	16.141	1.681	-1.681	263.79890	57.20940	-57.20940	
WASP-74 b	15.244	1.121	-1.121	228.83760	38.13960	-38.13960	
HAT-P-57 b	19.504	4.035	-4.035	448.14030	483.10160	-483.10160	
TOI-125 c	2.759	0.100	-0.100	6.63000	0.99000	-0.99000	8.27800000000e+02
TOI-178 c	1.669	0.114	-0.099	4.77000	0.55000	-0.68000	8.73000000000e+02
TOI-178 d	2.572	0.075	-0.078	3.01000	0.80000	-1.03000	6.90000000000e+02
Kepler-32 c	2.000	0.200	-0.200	158.90000			
HAT-P-62 b	12.027	0.325	-0.325	241.86742	27.96890	-27.96890	1.51200000000e+03
TrES-1 b	12.666	0.673	-0.673	266.97720	34.96130	-34.96130	
TOI-3919 b	12.319	0.583	-0.560	1233.17422	73.10053	-73.10053	1.19800000000e+03
TOI-5232 b	12.778	0.572	-0.504	743.71847	50.85255	-50.85255	1.77200000000e+03
HAT-P-15 b	11.882	0.785	-0.785	616.59020	95.34900	-95.34900	
WASP-38 b	13.787	0.673	-0.673	1093.33520	114.41880	-114.41880	
HATS-6 b	11.187	0.213	-0.213	101.38777	22.24810	-22.24810	7.12800000000e+02
HATS-17 b	8.709	0.628	-0.628	425.25654	20.65895	-20.65895	8.14000000000e+02
HATS-75 b	9.909	0.146	-0.146	156.05375	12.39531	-12.39531	7.72300000000e+02
TOI-216.01	10.100	0.200	-0.200	177.98391	6.35657	-6.35657	
HATS-14 b	11.646	0.359	-0.247	340.39593	22.24810	-22.24810	1.27600000000e+03
HD 15337 b	1.640	0.060	-0.060	7.51000	1.09000	-1.01000	1.00100000000e+03
HD 235088 b	2.075	0.093	-0.071	4.20000	2.40000	-2.40000	7.53953947085e+02
TOI-1742 b	2.365	0.057	-0.051	9.70000	1.90000	-1.90000	6.94085260011e+02
WASP-64 b	14.247	0.437	-0.437	403.94500	21.61200	-21.61200	1.68900000000e+03
TOI-1130 b	3.660	0.030	-0.040	19.80000	0.20000	-0.30000	8.25000000000e+02
K2-180 b	2.466	0.110	-0.096	11.41004	2.38371	-2.16123	7.97500000000e+02
HAT-P-13 b	14.258	0.729	-0.729	270.46200	12.07700	-12.07700	
WASP-132 c	1.850	0.100	-0.100	37.35000			
HAT-P-19 b	11.299	0.157	-0.146	88.03847	5.40308	-5.08525	9.81200000000e+02
TOI-640 b	19.851	0.673	-0.628	279.69040	50.85280	-50.85280	1.74900000000e+03
TOI-5218 b	9.860	0.390	-0.390	657.00000			7.83000000000e+02
HAT-P-8 b	15.693	1.457	-1.457	406.82240	85.81410	-85.81410	
WASP-32 b	10.761	1.681	-1.681	835.89290	260.62060	-260.62060	
WASP-160 B b	12.218	0.527	-0.460	88.35674	13.98452	-14.30235	1.11900000000e+03
HATS-56 b	18.921	0.437	-0.616	191.33366	11.12405	-11.12405	1.90200000000e+03
WASP-69 b	12.442	0.448	-0.448	92.17070	9.53490	-9.53490	
GJ 1132 b	1.192	0.038	-0.045	1.83705	0.19070	-0.18752	5.83800000000e+02
TOI-257 b	7.163	0.146	-0.146	43.86032	7.31005	-7.31005	1.02700000000e+03
TIC 257060897 b	16.701	0.448	-0.448	212.94503	9.53485	-9.53485	1.76200000000e+03
Kepler-98 b	1.990	0.220	-0.220	3.55000	1.60000	-1.60000	
TOI-1259 A b	11.456	0.336	-0.303	140.16233	15.57359	-14.93794	9.63000000000e+02
TOI-216.02	8.000	3.000	-2.000	18.75188	0.63566	-0.63566	
TOI-270 c	2.355	0.064	-0.064	6.15000	0.37000	-0.37000	4.88000000000e+02
WASP-36 b	14.874	0.235	-0.235	750.39663	22.24810	-22.24810	1.73300000000e+03
HD 15337 c	2.390	0.120	-0.120	8.11000	1.82000	-1.69000	6.42000000000e+02
WASP-5 b	12.184	0.762	-0.796	502.15000	41.32000	-31.78000	1.70600000000e+03
HATS-64 b	18.820	0.908	-0.908	305.11680	63.56600	-63.56600	1.79300000000e+03
TOI-1333 b	15.648	0.628	-0.605	753.25710	76.27920	-76.27920	1.67900000000e+03
TIC 279401253 b	11.209	0.448	-0.448	1951.46642	123.95308	-133.48793	
NGTS-11 b	9.158	0.314	-0.359	109.33352	29.24036	-23.20159	4.35000000000e+02
TIC 139270665 b	7.230	0.269	-0.247	147.15455	14.62011	-14.62011	7.03000000000e+02
TOI-815 c	2.620	0.100	-0.090	23.50000	2.40000	-2.40000	4.69000000000e+02
TIC 365102760 b	6.210	0.760	-0.760	19.20000	4.20000	-4.20000	
Kepler-45 b	10.760	1.230	-1.230	160.49700	28.60400	-28.60400	1.00000000000e+03
Kepler-97 b	1.480	0.130	-0.130	3.51000	1.90000	-1.90000	
TIC 46432937 b	13.316	0.336	-0.336	1017.05090	34.96112	-34.96112	8.72000000000e+02
TOI-2015 b	3.390	0.140	-0.130	16.40000	4.10000	-4.10000	5.12000000000e+02
Qatar-1 b	12.812	0.291	-0.280	411.27202	16.52716	-15.57367	1.41800000000e+03
WASP-14 b	15.468	0.897	-0.897	2809.61720	444.96200	-444.96200	
WASP-78 b	21.633	5.044	-5.044	352.79130	171.62820	-171.62820	
HAT-P-40 b	17.038	1.906	-1.906	152.55840	41.31790	-41.31790	
WASP-100 b	14.908	1.569	-1.569	400.46580	143.02350	-143.02350	
HAT-P-34 b	13.417	1.457	-1.031	1058.37390	66.74430	-63.56600	
HAT-P-6 b	16.589	1.681	-1.681	419.53560	95.34900	-95.34900	
XO-3 b	15.805	1.345	-1.345	2316.98070	378.21770	-378.21770	
KELT-6 b	14.572	1.009	-1.009	165.27160	38.13960	-38.13960	
WASP-121 b	19.649	0.404	-0.404	367.72747	22.24799	-22.24799	
WASP-59 b	8.687	0.762	-0.762	274.27600	14.30200	-14.30200	6.70000000000e+02
WASP-18 b	13.899	0.886	-0.886	3241.84975	111.23994	-111.23994	2.42900000000e+03
CoRoT-18 b	14.680	2.020	-2.020	1102.82000	120.77000	-120.77000	1.55000000000e+03
HATS-27 b	16.814	2.242	-1.233	168.44990	41.31790	-41.31790	1.65900000000e+03
WASP-130 b	9.976	0.336	-0.336	390.93090	12.71320	-12.71320	8.33000000000e+02
WASP-168 b	16.814	5.604	-3.363	133.48860	12.71320	-12.71320	1.34000000000e+03
WASP-161 b	12.812	0.729	-0.650	791.39670	66.74430	-66.74430	1.55700000000e+03
HATS-62 b	11.825	0.280	-0.280	56.89157			1.23700000000e+03
HATS-66 b	15.816	0.942	-0.942	1694.03390	216.12440	-216.12440	1.99800000000e+03
WASP-11 b	12.442	1.121	-1.121	251.08570	54.03110	-54.03110	
XO-2 N b	11.131	0.135	-0.135	179.89178	7.94575	-7.94575	
HATS-69 b	10.593	0.247	-0.247	183.38791			1.29570000000e+03
HATS-65 b	16.825	0.560	-0.560	260.93843	26.37989	-26.37989	1.63400000000e+03
HAT-P-14 b	15.917	1.345	-1.345	1093.33520	200.23290	-200.23290	
Kepler-68 c	0.979	0.019	-0.019	1.30000			1.05200000000e+03
HATS-60 b	12.924	0.594	-0.594	210.40346	17.48065	-17.48065	1.52800000000e+03
HATS-67 b	18.887	0.527	-0.527	460.85350	38.13960	-38.13960	2.19300000000e+03
HATS-68 b	13.809	0.437	-0.325	410.00070	18.75197	-18.75197	1.74100000000e+03
Kepler-538 b	2.215	0.040	-0.034	12.90000	2.90000	-2.90000	4.17000000000e+02
Kepler-11 b	1.800	0.030	-0.050	1.90000	1.40000	-1.00000	
Kepler-49 b	2.579	0.087	-0.086	9.77000	0.94000	-0.95000	
HAT-P-32 b	22.194	0.504	-0.504	216.12440	34.96130	-31.78300	1.83570000000e+03
HAT-P-70 b	20.961	1.681	-1.121	2154.88740			2.56200000000e+03
TOI-1130 c	13.000	0.400	-0.400	336.00000	2.00000	-5.00000	6.50000000000e+02
HD 118203 b	12.554	1.009	-1.009	693.50158	10.48834	-10.48834	1.37100000000e+03
TOI-1181 b	17.026	0.661	-0.661	374.71969	7.31005	-7.31005	
K2-265 b	1.708	0.112	-0.081	7.34184	1.43023	-1.39844	1.36600000000e+03
K2-98 b	5.066	0.314	-0.280	34.00764	13.98445	-14.62011	1.18500000000e+03
TOI-269 b	2.770	0.120	-0.120	8.80000	1.40000	-1.40000	5.31000000000e+02
TOI-677 b	13.115	0.336	-0.336	392.83788	21.93027	-21.29461	1.25200000000e+03
HAT-P-27 b	11.430	0.780	-0.670	197.05000	9.53000	-9.53000	
WASP-35 b	14.572	0.785	-0.785	225.65930	31.78300	-31.78300	
WASP-101 b	16.029	1.009	-1.009	162.09330	25.42640	-25.42640	
HAT-P-31 b	12.218	1.681	-1.681	721.47410	266.97720	-266.97720	
WASP-104 b	12.745	0.415	-0.415	404.26300	14.93700	-14.93700	1.51600000000e+03
HAT-P-35 b	14.930	1.098	-1.098	335.62848	10.48839	-10.48839	
WASP-82 b	18.159	1.457	-1.457	371.86110	63.56600	-63.56600	
WASP-95 b	13.787	1.009	-1.009	457.67520	88.99240	-88.99240	
TOI-2981 b	13.400	0.420	-0.420	638.00000	33.00000	-33.00000	1.35800000000e+03
L 98-59 b	0.850	0.061	-0.047	0.40000	0.16000	-0.15000	6.27000000000e+02
WASP-138 b	12.218	0.560	-0.560	387.75260	25.42640	-25.42640	1.59000000000e+03
HATS-53 b	15.020	0.628	-0.628	189.10885	28.28687	-28.28687	1.31200000000e+03
WASP-145 A b	10.088	4.484	-4.484	282.86870	12.71320	-12.71320	1.20000000000e+03
Qatar-8 b	14.404	0.247	-0.247	117.91493	19.70546	-19.70546	1.45700000000e+03
WASP-169 b	14.617	1.681	-0.818	178.30263	19.38763	-19.38763	1.60400000000e+03
WASP-77 A b	13.787	0.347	-0.325	529.81995	21.61233	-20.34102	1.71500000000e+03
WASP-68 b	14.796	1.569	-1.569	343.25640	79.45750	-79.45750	
TOI-1751 b	2.951	0.111	-0.082	19.50000	3.50000	-3.40000	6.51639628387e+02
HAT-P-44 b	13.922	1.188	-0.572	111.87100	9.21700	-9.21700	1.10800000000e+03
WASP-117 b	11.882	0.785	-0.785	95.34900	15.89150	-15.89150	
TOI-2714 b	13.720	0.700	-0.670	228.00000	33.00000	-32.00000	1.60300000000e+03
WASP-89 b	11.657	0.448	-0.448	1875.19700	127.13200	-127.13200	1.12000000000e+03
HD 86226 c	2.160	0.080	-0.080	7.25000	1.19000	-1.12000	1.31100000000e+03
TOI-6255 b	1.079	0.065	-0.065	1.44000	0.14000	-0.14000	
EPIC 229004835 b	2.332	0.080	-0.094	10.40000	1.60000	-1.50000	8.04000000000e+02
K2-19 d	1.110	0.050	-0.050	10.00000			
TRAPPIST-1 f	1.045	0.013	-0.012	1.03900	0.03100	-0.03100	
K2-182 b	2.713	0.111	-0.091	20.97667	5.40308	-5.08525	9.65800000000e+02
K2-115 b	11.803	0.336	-0.314	321.00669	69.92225	-73.10053	6.96000000000e+02
K2-237 b	16.062	0.628	-0.549	434.15360	34.96112	-29.24021	1.75900000000e+03
K2-146 c	2.190	0.070	-0.070	7.49000	0.24000	-0.24000	
K2-233 d	2.358	0.043	-0.036	21.14000			5.23000000000e+02
CoRoT-5 b	15.558	0.516	-0.527	148.42000	14.93700	-7.62800	1.43800000000e+03
EPIC 220674823 b	1.725	0.039	-0.039	8.21000	0.76000	-0.74000	2.30000000000e+03
K2-111 b	1.820	0.110	-0.090	5.58000	0.74000	-0.73000	1.30900000000e+03
HD 3167 b	1.670	0.170	-0.100	4.97000	0.24000	-0.23000	1.77400000000e+03
WASP-147 b	12.498	1.569	-1.042	87.40325	8.89924	-8.58141	1.40400000000e+03
K2-199 b	1.730	0.050	-0.040	6.90000	1.80000	-1.80000	9.13000000000e+02
K2-110 b	2.592	0.098	-0.097	15.90000	2.70000	-2.70000	6.38000000000e+02
K2-136 d	1.565	0.077	-0.076	3.00000			4.20000000000e+02
K2-12 b	2.440	0.300	-0.140	5.20000			1.02600000000e+03
Wolf 503 b	2.043	0.069	-0.069	6.27000	0.85000	-0.84000	7.89000000000e+02
EPIC 249893012 b	1.950	0.090	-0.080	8.75000	1.09000	-1.08000	1.61600000000e+03
GJ 1214 b	2.733	0.033	-0.031	8.41000	0.36000	-0.35000	5.67000000000e+02
TRAPPIST-1 e	0.920	0.013	-0.012	0.69200	0.02200	-0.02200	
K2-285 d	2.480	0.060	-0.060	6.50000			6.19900000000e+02
TOI-1279 b	2.661	0.138	-0.106	10.60000	2.50000	-2.50000	7.59004373836e+02
TOI-5542 b	11.310	0.404	-0.392	419.53350	31.78284	-31.78284	4.41000000000e+02
WASP-99 b	11.433	0.673	-0.673	772.32690	117.59710	-117.59710	
HD 5278 b	2.450	0.050	-0.050	7.80000	1.50000	-1.40000	9.43000000000e+02
WASP-133 b	13.563	0.560	-0.560	368.68280	28.60470	-28.60470	1.79000000000e+03
K2-31 b	11.882	3.923	-3.923	563.83042	25.10857	-25.10857	
WASP-114 b	15.009	0.717	-0.717	562.24127	20.34112	-20.34112	2.04300000000e+03
HAT-P-1 b	14.785	0.213	-0.213	166.86075	6.03877	-6.03877	1.32200000000e+03
Kepler-28 b	1.959	0.043	-0.042	1.63000	0.51000	-0.40000	
K2-292 b	2.630	0.110	-0.100	24.50000	4.40000	-4.40000	7.95000000000e+02
WASP-28 b	13.664	0.314	-0.314	282.54945	18.43405	-18.43405	1.45600000000e+03
WASP-140 b	16.141	4.708	-2.018	775.50520	22.24810	-22.24810	1.32000000000e+03
WASP-141 b	13.563	0.897	-0.897	854.96270	47.67450	-47.67450	1.54000000000e+03
K2-285 c	3.530	0.080	-0.080	15.68000	2.28000	-2.13000	7.41400000000e+02
K2-32 c	3.134	0.123	-0.102	8.10000	2.40000	-2.40000	6.34000000000e+02
K2-140 b	13.563	1.009	-1.009	295.58042	12.71314	-12.71314	9.62000000000e+02
K2-66 b	2.490	0.340	-0.240	21.30000	3.60000	-3.60000	1.37200000000e+03
K2-138 b	1.510	0.110	-0.084	3.10000	1.05000	-1.05000	
WASP-81 b	16.018	0.572	-0.516	231.69807	11.44188	-11.12405	1.62300000000e+03
K2-416 b	2.660	0.190	-0.140	1652.70772			4.47000000000e+02
K2-38 b	1.655	0.096	-0.096	7.70000	1.20000	-1.10000	1.31000000000e+03
K2-36 b	1.430	0.080	-0.080	4.30000	1.40000	-1.40000	1.32800000000e+03
Qatar-5 b	12.408	0.717	-0.717	1373.02560	57.20940	-57.20940	1.41500000000e+03
K2-199 c	2.850	0.100	-0.090	12.40000	2.30000	-2.30000	6.94000000000e+02
WASP-167 b	17.710	0.560	-0.560	2542.64000			2.32900000000e+03
KELT-19 A b	21.409	1.233	-1.233	1293.56810			1.93500000000e+03
HATS-39 b	17.598	1.345	-1.345	200.23290	41.31790	-41.31790	1.64500000000e+03
HATS-40 b	17.710	1.793	-1.345	505.34970	76.27920	-76.27920	2.10100000000e+03
HATS-42 b	15.693	2.802	-1.569	597.52040	47.67450	-47.67450	1.85600000000e+03
K2-132 b	14.572	0.785	-0.785	155.73670	19.06980	-19.06980	
K2-38 c	2.490	0.220	-0.220	7.40000	1.40000	-1.30000	9.49000000000e+02
K2-233 c	1.281	0.022	-0.021	12.81000			7.90000000000e+02
K2-131 b	1.690	0.085	-0.058	7.90000	1.30000	-1.30000	2.22300000000e+03
K2-33 b	5.040	0.340	-0.370	1175.97100			
K2-146 b	2.050	0.060	-0.060	5.77000	0.18000	-0.18000	
TOI-2095 c	1.330	0.080	-0.080	7.40000			2.97000000000e+02
K2-10 b	3.840	0.350	-0.340	27.00000	17.00000	-16.00000	
K2-138 f	2.904	0.164	-0.111	1.63000	2.12000	-1.18000	
WASP-79 b	17.150	0.448	-0.448	270.15415	25.42627	-25.42627	1.71620000000e+03
K2-100 b	3.880	0.160	-0.160	21.80000	6.20000	-6.20000	1.84100000000e+03
HD 73344 b	2.884	0.082	-0.072	10.48000			9.11000000000e+02
WASP-178 b	20.288	1.009	-1.009	527.59780	38.13960	-38.13960	2.47000000000e+03
Kepler-138 c	1.510	0.040	-0.040	2.30000	0.60000	-0.50000	4.10000000000e+02
TOI-892 b	11.994	0.224	-0.224	301.93850	22.24810	-22.24810	1.39700000000e+03
HD 63433 b	2.164	0.058	-0.048	37.30000	9.60000	-9.60000	8.86440730742e+02
K2-138 d	2.390	0.104	-0.084	7.92000	1.39000	-1.35000	
WASP-177 b	17.710	7.398	-4.035	161.45764	12.07754	-12.07754	1.14200000000e+03
Qatar-10 b	17.295	0.448	-0.448	233.92288	28.60470	-28.60470	1.95500000000e+03
HATS-58 A b	12.274	0.695	-0.695	327.36490	73.10090	-73.10090	1.72100000000e+03
WASP-175 b	13.540	0.908	-0.908	314.65170	41.31790	-41.31790	1.57100000000e+03
WASP-192 b	13.787	0.897	-0.897	731.00900	50.85280	-50.85280	1.62000000000e+03
LP 791-18 d	1.032	0.044	-0.043	0.90000	0.50000	-0.40000	3.95500000000e+02
LP 791-18 c	2.438	0.096	-0.096	7.10000	0.70000	-0.70000	3.24400000000e+02
TOI-824 b	2.926	0.202	-0.191	18.46700	1.84300	-1.87500	1.25300000000e+03
TOI-2406 b	2.860	0.063	-0.069	15.60000			4.49000000000e+02
TOI-1759 b	3.140	0.100	-0.100	10.80000	1.50000	-1.50000	4.43000000000e+02
HIP 9618 c	3.429	0.097	-0.086	7.00000			4.70306063688e+02
TOI-564 b	11.433	7.958	-3.251	464.98529	31.78300	-30.51168	1.71400000000e+03
TOI-530 b	9.303	0.673	-0.673	127.13136	28.60456	-31.78284	5.65000000000e+02
TOI-2570 b	13.641	0.392	-0.381	260.61929	20.02319	-20.65885	1.43100000000e+03
HD 332231 b	9.073	0.187	-0.175	74.10000	5.60000	-5.40000	7.98303294664e+02
WASP-173 A b	13.451	0.673	-0.673	1172.79270	57.20940	-57.20940	1.88000000000e+03
WASP-55 b	14.908	1.457	-1.457	193.87630	41.31790	-41.31790	
EPIC 248847494 b	12.442	0.785	-0.785	4131.79000			1.83000000000e+02
K2-32 d	3.484	0.112	-0.129	6.70000	2.50000	-2.50000	5.50000000000e+02
K2-233 b	1.343	0.018	-0.016	11.26000			1.12100000000e+03
WASP-118 b	16.141	0.404	-0.404	163.36462	6.35660	-6.35660	1.72900000000e+03
K2-32 b	5.299	0.191	-0.191	15.00000	1.80000	-1.70000	8.37000000000e+02
TOI-1836 b	8.281	0.204	-0.168	24.70000	6.10000	-5.90000	8.89510916571e+02
KELT-21 b	17.777	0.437	-0.448	1242.71530			2.05100000000e+03
XO-7 b	15.390	0.291	-0.291	225.34147	10.80622	-10.80622	1.74300000000e+03
K2-141 b	1.510	0.050	-0.050	4.97000	0.35000	-0.34000	2.10300000000e+03
K2-136 b	1.014	0.050	-0.049	4.30000			6.10000000000e+02
TOI-2589 b	12.106	0.336	-0.336	1112.39942	31.78284	-31.78284	5.92000000000e+02
TOI-836 c	2.587	0.088	-0.088	9.60000	2.70000	-2.50000	6.65000000000e+02
TOI-836 b	1.704	0.067	-0.067	4.53000	0.92000	-0.86000	8.71000000000e+02
HR 8799 e	13.115	1.457	-1.233	3178.30000	2224.81000	-1271.32000	1.15000000000e+03
HR 8799 c	13.000	1.000	0.000	3000.00000	1000.00000	-1000.00000	
HR 8799 d	13.000	1.000	0.000	3000.00000	1000.00000	-1000.00000	
TOI-421 b	2.640	0.080	-0.080	6.70000	0.60000	-0.60000	9.22000000000e+02
TOI-757 b	2.500	0.100	-0.100	10.50000	2.20000	-2.10000	6.41000000000e+02
TOI-1294 b	10.124	0.236	-0.221	63.90000	4.70000	-4.50000	1.39274052755e+03
KELT-1 b	12.442	0.359	-0.247	8654.15000	158.90800	-152.55200	
TOI-1451 b	2.611	0.134	-0.103	15.20000	2.80000	-2.80000	7.23328437020e+02
Kepler-411 d	3.319	0.104	-0.104	15.20000	5.10000	-5.10000	4.10000000000e+02
Kepler-11 e	4.190	0.070	-0.090	8.00000	1.50000	-2.10000	
Kepler-24 b	2.348	0.092	-0.091	11.14000	2.25000	-1.93000	
WASP-87 b	15.524	0.673	-0.673	692.86940	47.67450	-47.67450	
HIP 8152 c	2.524	0.150	-0.141	10.70000	2.10000	-2.20000	6.50683853476e+02
K2-261 b	9.270	0.370	-0.336	68.96876	7.94571	-9.21702	1.03600000000e+03
Kepler-5 b	15.984	0.404	-0.572	670.93913	21.29461	-27.33338	1.75000000000e+03
WASP-23 b	10.783	0.527	-0.628	280.95000	27.96800	-31.46400	
K2-263 b	2.410	0.120	-0.120	14.90000	2.10000	-2.10000	4.70000000000e+02
KELT-4 A b	19.044	0.516	-0.504	286.68266	19.06980	-18.75197	1.82300000000e+03
HAT-P-17 b	11.769	0.448	-0.448	184.34140	19.06980	-19.06980	
WASP-26 b	13.563	1.681	-1.681	270.15550	73.10090	-73.10090	
KELT-18 b	17.598	0.471	-0.404	375.03940	34.96130	-34.96130	2.08500000000e+03
WASP-148 b	8.474	0.146	-0.191	91.21675	6.99222	-5.08525	
HD 191939 d	2.995	0.070	-0.070	2.80000	0.60000	-0.60000	5.40000000000e+02
CoRoT-1 b	16.700	0.900	-0.900	327.35000	38.14000	-38.14000	1.89800000000e+03
Kepler-122 f	1.750	0.600	-0.160	36.00000	19.40000	-16.20000	
K2-97 b	13.451	1.233	-1.233	174.48780	18.75188	-14.62011	1.56600000000e+03
Kepler-416 b	2.480	0.990	-0.330	58.20000	53.40000	-39.50000	
KOI-12 b	13.787	0.673	-0.560	349.61300	1112.40500	-254.26400	
Kepler-277 c	3.360	0.830	-0.720	64.20000	18.10000	-15.70000	
TOI-1386 b	6.216	0.206	-0.170	45.80000	5.80000	-5.70000	6.15025170396e+02
Kepler-107 b	1.536	0.025	-0.025	3.80000	1.80000	-1.70000	1.59200000000e+03
Kepler-223 b	2.990	0.180	-0.270	7.40000	1.30000	-1.10000	
Kepler-26 c	2.720	0.120	-0.120	6.20000	0.65000	-0.65000	
Kepler-52 c	1.840			45.40000			
Kepler-428 b	12.110	0.340	-0.340	403.63000	60.39000	-60.39000	1.07000000000e+03
HIP 65 A b	22.754	6.837	-5.492	1021.18779	24.79074	-24.79074	1.41100000000e+03
WASP-48 b	16.814	2.242	-2.242	254.26400	73.10090	-73.10090	
XO-5 b	12.780	0.340	-0.340	378.20000	9.53000	-9.53000	1.23000000000e+03
HAT-P-16 b	14.448	0.740	-0.740	1332.60500	29.87500	-29.87500	1.62600000000e+03
WASP-42 b	12.576	0.437	-0.437	167.49641	8.89924	-8.89924	1.02100000000e+03
WASP-8 b	12.666	0.560	-0.560	807.28820	104.88390	-104.88390	
Kepler-23 d	2.206	0.057	-0.057	4.44000	1.30000	-1.21000	
HAT-P-41 b	22.978	5.604	-5.604	378.21770	190.69800	-190.69800	
WASP-103 b	17.127	0.818	-0.527	473.54700	27.96800	-27.96800	2.50800000000e+03
WASP-97 b	12.778	0.673	-0.673	432.24880	60.38770	-60.38770	
KELT-2 A b	15.132	0.897	-0.897	540.31100	69.92260	-69.92260	
WASP-94 A b	17.710	1.457	-1.457	158.91500	41.31790	-41.31790	
WASP-80 b	11.198	0.336	-0.347	170.99254	11.12405	-11.44188	8.25000000000e+02
TOI-431 d	3.290	0.090	-0.090	9.90000	1.53000	-1.49000	6.33000000000e+02
TOI-4633 c	3.200	0.200	-0.190	123.00000			
WASP-131 b	13.675	0.560	-0.560	85.81410	6.35660	-6.35660	1.46000000000e+03
WASP-93 b	17.901	0.863	-0.863	467.21010	92.17070	-92.17070	1.94200000000e+03
TOI-6034 b	11.920	0.480	-0.480	254.00000	24.00000	-24.00000	7.14000000000e+02
WASP-44 b	12.330	0.908	-0.852	276.51210	20.02329	-19.70546	1.33700000000e+03
WASP-34 b	11.209	0.897	-0.897	177.98480	54.03110	-54.03110	
HAT-P-29 b	13.115	1.457	-1.457	279.69040	79.45750	-79.45750	
WASP-45 b	10.604	0.650	-0.572	306.38812	18.43414	-17.79848	1.15300000000e+03
HAT-P-36 b	14.314	0.224	-0.224	587.41341	27.65121	-27.65121	1.78097000000e+03
WASP-60 b	9.864	1.345	-1.345	174.80650	60.38770	-60.38770	
HAT-P-22 b	12.890	2.130	-2.130	785.04010	101.70560	-101.70560	
TOI-1268 b	9.100	0.600	-0.600	96.40000	8.20000	-8.30000	9.18900000000e+02
WASP-20 b	16.388	0.661	-0.661	98.84100	5.40300	-5.40300	1.37900000000e+03
LHS 1140 c	1.272	0.026	-0.026	1.91000	0.06000	-0.06000	4.22000000000e+02
TOI-1470 b	2.180	0.040	-0.040	7.32000	1.21000	-1.24000	7.34000000000e+02
HAT-P-12 b	10.749	0.325	-0.235	67.05900	3.81400	-3.81400	9.63000000000e+02
Kepler-1876 b	0.853	0.039	-0.026	2.40000			1.29900000000e+03
TOI-782 b	2.734	0.085	-0.085	19.10000			4.35000000000e+02
TOI-1448 b	2.749	0.067	-0.063	19.50000			4.26000000000e+02
TOI-2120 b	2.122	0.065	-0.065	6.80000			3.84000000000e+02
HD 20329 b	1.720	0.070	-0.070	7.42000	1.09000	-1.09000	2.14100000000e+03
TOI-733 b	1.992	0.085	-0.090	5.72000	0.70000	-0.68000	1.05580000000e+03
TOI-2109 b	15.098	0.527	-0.527	1595.49860	238.37131	-238.37131	3.64600000000e+03
GJ 3473 b	1.264	0.050	-0.049	1.86000	0.30000	-0.30000	7.73000000000e+02
TOI-2202 b	11.321	5.851	-0.897	310.83618	20.02319	-18.68831	
HATS-77 b	13.058	0.235	-0.235	436.69623	31.78284	-23.51930	8.28300000000e+02
HD 28109 b	2.199	0.098	-0.100	18.49600	9.12000	-7.60900	8.81200000000e+02
HD 28109 c	4.230	0.110	-0.110	7.94300	4.22700	-3.04600	5.85200000000e+02
TOI-1899 b	11.097	0.336	-0.336	212.94503	12.71314	-12.71314	3.78000000000e+02
TOI-1710 b	5.203	0.096	-0.091	22.40000	4.10000	-4.00000	6.02986323440e+02
TOI-3785 b	5.140	0.160	-0.160	14.95000	4.10000	-3.92000	5.82000000000e+02
TOI-2641 b	18.103	5.179	-7.174	122.68177	6.99222	-11.44182	1.38700000000e+03
TOI-4603 b	11.680	0.426	-0.392	4096.80817	184.34048	-181.16219	1.67700000000e+03
TOI-1296 b	14.116	0.285	-0.263	95.30000	4.70000	-4.60000	1.41483526699e+03
TOI-4582 b	10.536	1.009	-1.345	168.44906	15.89142	-15.89142	
TOI-2285 b	1.740	0.080	-0.080	19.50000			2.84000000000e+02
HD 114082 b	11.209	0.336	-0.336	2542.62726	317.82841	-317.82841	
TOI-5720 b	1.090	0.070	-0.070	4.30000			7.08000000000e+02
TOI-6008 b	1.030	0.050	-0.050	4.00000			7.07000000000e+02
HD 152843 c	5.830	0.140	-0.140	27.50000			
TOI-2184 b	11.400	0.572	-0.572	206.58846	50.85255	-50.85255	
TOI-815 b	2.940	0.050	-0.050	7.60000	1.50000	-1.40000	6.86000000000e+02
HD 6061 b	2.428	0.099	-0.073	10.00000	2.50000	-2.50000	1.07530598481e+03
TIC 237913194 b	12.520	0.605	-0.527	617.22586	29.24036	-28.92253	9.74000000000e+02
TIC 241249530 b	13.294	0.415	-0.448	1582.78547	50.85255	-57.20911	
TOI-1634 b	1.773	0.077	-0.077	7.57000	0.71000	-0.72000	
NGTS-18 b	13.563	2.018	-2.018	129.99182	25.74410	-20.02319	1.38100000000e+03
TOI-559 b	12.229	0.314	-0.280	1910.14873	76.27882	-73.10053	1.18000000000e+03
TOI-2019 b	5.333	0.264	-0.208	34.40000	4.40000	-4.40000	9.17460139905e+02
WASP-193 b	16.410	0.661	-0.639	44.17815	9.21702	-9.21702	1.25400000000e+03
TOI-1823 b	7.541	0.332	-0.252	67.40000	8.10000	-8.30000	4.23631911217e+02
WASP-70 A b	13.047	0.818	-1.143	187.51200	6.99200	-6.99200	1.38700000000e+03
HATS-74 A b	11.568	0.235	-0.235	464.02947	44.49598	-44.49598	8.95100000000e+02
WASP-150 b	11.994	0.269	-0.280	2688.84180	88.99240	-63.56600	1.46000000000e+03
WASP-3 b	15.917	1.906	-1.906	772.32690	168.44990	-168.44990	
XO-4 b	14.011	0.897	-0.897	451.31860	60.38770	-60.38770	
TOI-1478 b	11.882	0.448	-0.437	270.47333	16.52716	-14.93801	9.18000000000e+02
HATS-4 b	11.433	0.415	-0.415	420.47100	8.89900	-8.89900	1.31500000000e+03
HAT-P-69 b	18.786	0.572	-0.370	1137.83140	184.34140	-184.34140	1.93000000000e+03
WASP-174 b	16.107	0.560	-0.560	104.88337	28.92239	-28.92239	1.52800000000e+03
WASP-37 b	13.002	0.785	-0.673	572.07000	54.02900	-54.02900	
TOI-1338 b	7.661	0.053	-0.053	11.30000	2.10000	-2.10000	
WASP-170 b	12.285	0.953	-0.953	508.52800	63.56600	-63.56600	1.42200000000e+03
TOI-481 b	11.097	0.112	-0.112	486.27990	9.53490	-9.53490	1.37000000000e+03
TOI-4153 b	16.119	0.504	-0.471	365.50267	57.20911	-57.20911	1.66900000000e+03
TOI-5301 b	13.092	0.852	-0.785	1182.32167	117.59651	-117.59651	1.64800000000e+03
TOI-1235 b	1.690	0.080	-0.080	6.69000	0.67000	-0.69000	
TOI-2134 c	7.270	0.420	-0.420	41.89000	7.69000	-7.83000	3.06000000000e+02
WASP-105 b	10.761	0.336	-0.336	572.09400	31.78300	-31.78300	9.00000000000e+02
WASP-72 b	14.460	2.018	-2.018	731.00900	222.48100	-222.48100	
WASP-123 b	14.773	0.729	-0.729	285.72917	11.44188	-11.44188	1.52000000000e+03
HD 219134 b	1.602	0.055	-0.055	4.74000	0.19000	-0.19000	1.01500000000e+03
KELT-15 b	19.504	2.242	-2.242	416.35730	136.66690	-136.66690	
TOI-201 b	11.299	0.135	-0.168	133.48860	15.89150	-9.53490	7.59000000000e+02
WASP-21 b	11.990	0.560	-0.560	95.34500	3.49600	-3.49600	
WASP-159 b	15.468	1.009	-1.009	174.80650	25.42640	-25.42640	1.85000000000e+03
KELT-16 b	15.861	0.942	-0.751	874.03250	50.85280	-47.67450	2.45300000000e+03
TOI-157 b	14.415	0.258	-0.224	375.03940	41.31790	-38.13960	1.58800000000e+03
HAT-P-66 b	17.822	1.793	-1.121	248.86089	18.11631	-18.11631	1.89600000000e+03
WASP-88 b	16.365	2.354	-2.354	133.48860	44.49620	-44.49620	
WASP-24 b	15.468	1.793	-1.793	394.10920	92.17070	-92.17070	
KELT-10 b	15.681	0.773	-0.549	215.80657	12.39537	-12.07754	1.37700000000e+03
HATS-51 b	15.805	2.130	-2.130	244.09344	14.30235	-14.30235	1.55300000000e+03
CoRoT-2 b	16.432	0.471	-0.493	1102.82000	69.92000	-69.92000	
WASP-41 b	12.330	0.560	-0.560	270.15550	34.96130	-34.96130	
WASP-29 b	8.631	0.785	-0.785	73.10090	15.89150	-15.89150	
HAT-P-37 b	13.204	0.863	-0.863	371.52800	32.73500	-32.73500	1.27100000000e+03
HATS-43 b	13.227	0.560	-0.560	82.95363	17.16282	-17.16282	1.00300000000e+03
KPS-1 b	11.545	1.457	-1.345	346.43470	27.33338	-27.65121	1.45900000000e+03
XO-1 b	12.778	0.785	-0.785	263.79890	41.31790	-41.31790	
WASP-92 b	16.376	0.863	-0.863	255.85315	21.61244	-21.61244	1.87100000000e+03
WASP-1 b	16.623	0.269	-0.381	271.41500	18.11600	-16.52600	
HD 110113 b	2.050	0.120	-0.120	4.55000	0.62000	-0.62000	1.37100000000e+03
HAT-P-9 b	15.614	0.751	-0.729	238.05467	20.34112	-20.02329	1.54000000000e+03
HAT-P-21 b	12.442	1.793	-1.793	1547.83210	498.99310	-498.99310	
HD 219134 d	1.610	0.020	-0.020	16.17000	0.64000	-0.64000	4.10500000000e+02
HAT-P-4 b	14.280	0.549	-0.673	213.25500	10.48800	-13.98400	1.68600000000e+03
WASP-22 b	13.787	1.569	-1.569	212.94610	60.38770	-60.38770	
WASP-158 b	11.994	1.681	-1.681	886.74570	73.10090	-73.10090	1.59000000000e+03
HAT-P-28 b	13.585	1.267	-0.919	198.95300	11.75900	-11.75900	1.38400000000e+03
HATS-26 b	19.616	2.354	-2.354	206.58950	24.15508	-24.15508	1.91800000000e+03
CoRoT-19 b	14.460	0.340	-0.340	352.78000	19.07000	-19.07000	2.00000000000e+03
TOI-411 b	1.362	0.040	-0.040	13.71000			1.24100000000e+03
TOI-411 c	2.328	0.038	-0.039	9.72000			9.31000000000e+02
HD 22946 d	2.607	0.060	-0.060	26.57000			5.46000000000e+02
Wendelstein-1 b	11.561	0.068	-0.068	188.15536	52.44195	-41.00007	2.19800000000e+03
TOI-2010 b	11.814	0.303	-0.303	408.72733	17.48056	-18.11622	4.00200000000e+02
TOI-1411 b	1.199	0.049	-0.045	2.00000	1.20000	-1.10000	9.76397704298e+02
HR 2562 b	12.442	1.233	-1.233	9534.90000	4767.45000	-4767.45000	1.20000000000e+03
WTS-2 b	15.278	0.684	-0.684	355.96960	50.85280	-50.85280	2.00000000000e+03
TOI-3688 A b	13.081	0.538	-0.493	311.47184	31.78284	-34.96112	1.53400000000e+03
LHS 1478 b	1.242	0.051	-0.049	2.33000	0.20000	-0.20000	5.95000000000e+02
TOI-1994 b	13.675	0.919	-0.796	7024.00779	826.35386	-794.57102	2.29000000000e+03
Qatar-3 b	12.285	1.569	-1.569	1369.84730	149.38010	-149.38010	1.68100000000e+03
MASCARA-4 b	17.150	0.785	-0.448	985.27300	286.04700	-286.04700	2.10000000000e+03
HATS-70 b	15.513	0.886	-0.829	4100.00700	572.09400	-508.52800	2.73000000000e+03
WASP-162 b	11.209	0.560	-0.560	1652.71600	63.56600	-63.56600	9.10000000000e+02
TOI-169 b	12.173	0.908	-0.538	251.40353	20.34112	-19.06980	1.71500000000e+03
HATS-10 b	10.862	0.684	-0.504	167.17858	25.74423	-25.74423	1.40700000000e+03
WASP-180 A b	13.899	0.448	-0.448	286.04700	31.78300	-31.78300	1.54000000000e+03
WASP-10 b	12.106	0.224	-0.224	1001.12000	41.32000	-34.96000	1.37000000000e+03
TOI-1789 b	16.141	2.690	-1.569	222.47988	50.85255	-50.85255	1.92700000000e+03
KELT-14 b	19.537	0.527	-0.527	408.09372	10.17056	-10.17056	1.97000000000e+03
HAT-P-26 b	7.062	0.448	-0.448	22.24810	6.35660	-6.35660	
KELT-8 b	18.159	1.121	-1.121	209.76780	38.13960	-38.13960	
TOI-2095 b	1.250	0.070	-0.070	4.10000			3.47000000000e+02
TOI-1728 b	5.050	0.160	-0.170	26.78000	5.43000	-5.13000	7.67000000000e+02
HATS-31 b	18.383	2.466	-2.466	279.69040	38.13960	-38.13960	1.82300000000e+03
HATS-55 b	14.022	0.291	-0.291	292.72143	24.15508	-24.15508	1.36700000000e+03
HAT-P-52 b	11.310	0.807	-0.807	259.98494	9.21707	-9.21707	1.21800000000e+03
HATS-5 b	10.223	0.280	-0.280	75.32300	3.81400	-3.91400	1.02500000000e+03
Qatar-7 b	19.055	0.336	-0.336	597.52040	79.45750	-79.45750	2.05300000000e+03
HATS-29 b	14.022	0.684	-0.684	207.54299	20.02329	-20.02329	1.21200000000e+03
WASP-90 b	18.271	1.009	-1.009	200.23290	22.24810	-22.24810	1.84000000000e+03
HD 2685 b	16.141	0.560	-0.560	371.86110	38.13960	-38.13960	2.06100000000e+03
WASP-49 b	12.442	1.233	-1.233	117.59710	25.42640	-25.42640	
HATS-13 b	13.585	0.392	-0.392	172.58169	22.88376	-22.88376	1.24400000000e+03
WASP-84 c	1.950	0.120	-0.120	15.20000	4.50000	-4.20000	1.32900000000e+03
WASP-144 b	9.528	0.560	-0.560	139.84520	19.06980	-19.06980	1.26000000000e+03
WASP-120 b	16.511	1.076	-1.076	1541.47550	66.74430	-66.74430	1.88000000000e+03
TOI-905 b	13.126	0.594	-0.572	211.99261	13.34886	-13.03103	1.19200000000e+03
WASP-67 b	12.890	1.233	-1.233	136.66690	28.60470	-28.60470	
WASP-7 b	14.908	1.042	-1.042	305.11680	41.31790	-41.31790	1.48700000000e+03
TOI-1749 d	2.520	0.150	-0.150	15.00000			5.33000000000e+02
TOI-2158 b	10.761	0.135	-0.135	260.61929	25.42627	-25.42627	1.18800000000e+03
HATS-48 A b	8.967	0.168	-0.168	77.23269	6.99226	-9.53490	9.54600000000e+02
WASP-96 b	13.450	0.670	-0.670	152.55000	9.53000	-9.53000	1.28500000000e+03
HATS-23 b	20.849	3.363	-4.484	467.21010	22.88376	-22.88376	1.65400000000e+03
HATS-72 b	8.097	0.036	-0.036	39.85588	1.23954	-1.23954	7.39300000000e+02
HAT-P-5 b	13.563	1.121	-1.121	311.47340	63.56600	-63.56600	
KELT-11 b	15.132	1.121	-1.121	54.34893	4.76745	-4.76745	
HAT-P-20 b	9.718	0.370	-0.370	2302.89900	59.43200	-59.43200	9.70000000000e+02
TrES-4 b	18.046	2.018	-2.018	247.90740	60.38770	-60.38770	
HIP 65426 b	16.814	1.121	-1.121	2860.47000	953.49000	-953.49000	1.50000000000e+03
HIP 8152 b	2.536	0.157	-0.135	8.90000	1.70000	-1.70000	7.94961215528e+02
LP 890-9 c	1.367	0.055	-0.039	25.30000			2.72000000000e+02
TOI-1470 c	2.470	0.020	-0.020	7.24000	2.87000	-2.77000	3.73000000000e+02
TOI-1246 d	3.431	0.150	-0.116	5.40000	1.90000	-1.90000	5.87769591129e+02
HD 97658 b	2.120	0.060	-0.060	8.30000	1.10000	-1.10000	7.51000000000e+02
TOI-849 b	3.640	0.380	-0.380	41.80000	2.50000	-2.40000	
TOI-674 b	5.250	0.170	-0.170	23.60000	3.30000	-3.30000	6.35000000000e+02
TOI-1246 b	3.010	0.060	-0.060	8.10000	1.10000	-1.10000	9.55000000000e+02
TOI-2076 d	3.431	0.211	-0.252	29.00000			4.57682045097e+02
TOI-1194 b	8.717	0.155	-0.149	120.00000	5.60000	-5.70000	1.26428555248e+03
TOI-2076 b	2.771	0.143	-0.095	16.10000	8.30000	-8.20000	6.87676490765e+02
HD 63935 c	3.065	0.088	-0.079	11.10000	2.00000	-1.90000	6.19590549315e+02
HD 93963 A b	1.470	0.073	-0.066	2.80000	2.30000	-2.30000	1.84223344170e+03
TOI-669 b	2.586	0.130	-0.110	10.00000	1.40000	-1.40000	1.12484560586e+03
TOI-1472 b	4.160	0.157	-0.126	16.50000	5.10000	-5.10000	8.11141677813e+02
HD 260655 b	1.240	0.023	-0.023	2.14000	0.34000	-0.34000	7.09000000000e+02
TOI-1753 b	2.479	0.098	-0.079	16.60000	5.20000	-5.20000	1.00543176849e+03
TOI-1801 b	2.079	0.124	-0.110	5.73800	1.45500	-1.42800	4.93700000000e+02
TOI-2128 b	2.089	0.089	-0.076	4.50000	2.00000	-2.00000	7.80526328962e+02
TOI-1249 b	3.271	0.307	-0.187	11.90000	5.20000	-5.10000	7.26887776017e+02
TOI-1347 b	1.800	0.100	-0.100	11.10000	1.20000	-1.20000	1.40000000000e+03
HIP 9618 b	3.828	0.104	-0.088	8.30000	1.70000	-1.70000	6.40879676299e+02
TOI-519 b	11.545	0.336	-0.336	147.15455	26.06193	-27.96890	6.87000000000e+02
TOI-1601 b	14.199	0.649	-0.511	387.00000	16.00000	-17.00000	1.49397161272e+03
LTT 1445 A c	1.147	0.055	-0.054	1.54000	0.20000	-0.19000	5.08000000000e+02
TOI-1266 b	2.620	0.110	-0.110	4.23000	0.69000	-0.69000	4.25000000000e+02
TOI-1266 c	2.130	0.120	-0.120	2.88000	0.80000	-0.80000	3.54000000000e+02
TOI-1420 b	11.890	0.330	-0.330	25.10000	3.80000	-3.80000	9.57000000000e+02
HD 260655 c	1.533	0.051	-0.046	3.09000	0.48000	-0.48000	5.57000000000e+02
TOI-1246 e	3.514	0.269	-0.182	14.50000	2.30000	-2.30000	4.63975649541e+02
TOI-1422 b	3.960	0.130	-0.110	9.00000	2.30000	-2.00000	8.67000000000e+02
TOI-1694 b	5.342	0.148	-0.119	31.30000	2.70000	-2.50000	9.43192779517e+02
TOI-4515 b	12.170	0.430	-0.430	637.00000	17.00000	-17.00000	7.05000000000e+02
TOI-2373 b	10.424	0.224	-0.224	2955.80419	63.56568	-63.56568	8.60000000000e+02
TOI-6029 b	14.392	1.098	-1.098	519.64945	10.17051	-10.17051	
WASP-31 b	17.363	0.560	-0.560	151.91600	9.21700	-9.21700	
TOI-5076 b	3.200	0.100	-0.100	16.00000	2.00000	-2.00000	6.15000000000e+02
TOI-2447 b	9.606	0.135	-0.123	124.90656	9.85268	-8.58137	4.14000000000e+02
TOI-2416 b	9.864	0.224	-0.224	953.48522	31.78284	-28.60456	1.08000000000e+03
TOI-2207 b	11.153	0.314	-0.303	203.41018	31.78284	-38.13941	1.25900000000e+03
TOI-1820 b	12.778	0.224	-0.224	731.00534	63.56568	-63.56568	1.37500000000e+03
TOI-2421 b	10.368	0.392	-0.381	105.83686	25.10844	-25.10844	1.53400000000e+03
WASP-182 b	9.528	0.336	-0.336	47.03884	3.49613	-3.49613	1.47900000000e+03
CoRoT-9 b	11.949	0.841	-0.706	266.97720	15.89150	-15.89150	4.20000000000e+02
Ross 458 c	14.011			1906.98000			
HD 206893 b	14.011	0.224	-0.224	8899.19540	699.22250	-667.43965	1.42920000000e+03
HD 206893 c	16.365	2.018	-0.673	4036.42077	381.39409	-317.82841	1.18190000000e+03
OGLE-TR-56 b	15.278	1.031	-1.009	441.77000	57.21000	-54.03000	2.21200000000e+03
Wendelstein-2 b	12.993	0.229	-0.235	232.33373	171.94603	-98.84513	2.47000000000e+03
TOI-2025 b	11.893	0.370	-0.347	1144.18227	104.88337	-104.88337	1.16600000000e+03
Gaia-2 b	14.818	0.146	-0.146	259.66581	14.93794	-14.93794	
HN Peg b	11.777	1.527	-0.654	6991.57000	2996.39000	-2996.39000	
GJ 143 b	2.610	0.170	-0.160	22.70000	2.20000	-1.90000	4.22000000000e+02
TOI-2583 A b	14.460	0.448	-0.370	79.45710	18.43405	-17.79839	1.45600000000e+03
TOI-969 b	2.765	0.088	-0.097	9.10000	1.00000	-1.00000	9.41000000000e+02
HD 23472 e	0.818	0.080	-0.065	0.72000	0.28000	-0.27000	7.23000000000e+02
TOI-2196 b	3.510	0.150	-0.150	26.00000	1.30000	-1.30000	1.86000000000e+03
TOI-332 b	3.200	0.160	-0.110	57.20000	1.60000	-1.60000	1.87100000000e+03
TOI-2000 c	8.140	0.310	-0.300	81.70000	4.70000	-4.60000	1.03800000000e+03
TOI-2364 b	8.608	0.258	-0.202	71.51139	13.66662	-15.57359	1.09100000000e+03
TOI-2587 A b	12.072	0.471	-0.448	69.28659	17.16273	-14.62011	1.44500000000e+03
HD 23472 f	1.137	0.084	-0.077	0.77000	0.44000	-0.40000	6.30000000000e+02
HD 207496 b	2.250	0.120	-0.100	6.10000	1.60000	-1.60000	7.43000000000e+02
HD 23472 c	1.870	0.120	-0.110	3.41000	0.88000	-0.81000	4.67000000000e+02
TOI-1937 A b	13.978	0.661	-0.695	638.83510	54.03083	-50.85255	2.09700000000e+03
WASP-61 b	15.805	2.466	-2.466	851.78440	266.97720	-266.97720	
TOI-1064 b	2.587	0.043	-0.042	13.50000	1.70000	-1.80000	7.84000000000e+02
HD 23472 b	2.000	0.110	-0.100	8.32000	0.78000	-0.79000	5.43000000000e+02
TOI-2000 b	2.700	0.150	-0.150	11.00000	2.40000	-2.40000	1.48800000000e+03
HD 21749 c	0.892	0.064	-0.058	3.70000			7.01000000000e+02
TOI-954 b	9.550	0.594	-0.695	55.30242	5.72094	-5.40311	1.52600000000e+03
TOI-1064 c	2.651	0.043	-0.042	2.50000	1.80000	-2.00000	6.34000000000e+02
TOI-1199 b	10.514	0.280	-0.280	75.96099	6.35657	-6.35657	1.48600000000e+03
TOI-4551 b	11.859	1.233	-0.695	473.56433	41.31769	-41.31769	
TOI-858 B b	14.067	0.437	-0.437	349.61125	25.42627	-22.24799	1.52900000000e+03
TYC 8998-760-1 c	12.330	6.725	-3.363	1906.98000	317.83000	-317.83000	1.24000000000e+03
HD 1397 b	11.500	0.280	-0.303	131.89945	6.35660	-6.35660	1.22830000000e+03
TOI-238 c	2.180	0.180	-0.180	6.70000	1.10000	-1.10000	6.96000000000e+02
TOI-3807 b	18.495			330.54154	47.67426	-44.49598	1.64600000000e+03
TOI-3321 b	15.558	0.785	-0.717	176.07694	24.15496	-23.83713	1.61600000000e+03
TOI-4201 b	13.675	0.448	-0.448	788.21445	28.60456	-28.60456	7.25000000000e+02
CoRoTID 223977153 b	6.389	0.673	-0.560	47.67450	31.78300	-31.78300	9.38000000000e+02
CoRoT-7 b	1.681	0.112	-0.112	4.07661	1.01982	-1.01982	
TOI-1749 c	2.120	0.120	-0.120	14.00000			6.73000000000e+02
TOI-1695 b	1.900	0.160	-0.140	6.36000	1.00000	-1.00000	6.98000000000e+02
TOI-4329 b	16.813	2.130	-2.130	143.02278	28.60456	-28.60456	
TOI-1452 b	1.672	0.071	-0.071	4.82000	1.30000	-1.30000	3.26000000000e+02
TOI-1278 b	12.218	2.690	-2.242	5879.82553	158.91420	-158.91420	
TOI-2134 b	2.690	0.160	-0.160	9.13000	0.78000	-0.76000	6.66000000000e+02
HATS-38 b	6.882	0.191	-0.191	23.51942	3.49613	-3.49613	1.29400000000e+03
TOI-3331 A b	12.980	0.482	-0.482	721.47048	50.85255	-50.85255	1.48800000000e+03
TOI-1516 b	15.244	0.336	-0.336	1004.33777	38.13941	-38.13941	
TOI-5293 A b	11.900	0.400	-0.400	170.40000	21.80000	-21.90000	6.75000000000e+02
TOI-3693 b	12.599	0.325	-0.258	324.18498	76.27882	-69.92225	8.01000000000e+02
HD 149026 b	8.295	0.224	-0.224	120.77540	19.06980	-19.06980	
TOI-4791 b	12.442	0.560	-0.560	734.18362	101.70509	-104.88337	1.47200000000e+03
HD 88986 b	2.490	0.180	-0.180	17.20000	4.00000	-3.80000	4.60000000000e+02
TOI-3894 b	15.278	0.616	-0.572	260.61929	44.49598	-44.49598	1.53100000000e+03
TOI-3912 b	14.280	0.460	-0.448	129.03833	22.56582	-21.61233	1.51200000000e+03
TOI-4087 b	13.047	0.280	-0.269	232.01474	44.49598	-44.49598	1.45800000000e+03
NGTS-2 b	17.878	0.527	-0.504	235.19420	41.31790	-38.13960	1.46800000000e+03
Qatar-9 b	11.310	0.157	-0.157	378.21770	50.85280	-50.85280	1.13400000000e+03
NGTS-30 b	10.402	0.359	-0.359	305.11527	17.79839	-17.79839	5.00000000000e+02
TOI-3976 A b	12.274	0.404	-0.392	55.61997	11.75965	-11.44182	1.29500000000e+03
TOI-4137 b	13.574	0.448	-0.437	457.67291	54.03083	-47.67426	1.57000000000e+03
TOI-4145 A b	13.305	0.359	-0.347	136.66622	41.31769	-41.31769	1.07400000000e+03
NGTS-14 A b	4.977	0.336	-0.336	29.24036	3.81396	-3.81396	1.14300000000e+03
TOI-3071 b	7.160	0.570	-0.510	68.20000	3.50000	-3.50000	2.15500000000e+03
TOI-3235 b	11.400	0.493	-0.493	211.35589	7.94571	-7.94571	6.04000000000e+02
NGTS-21 b	14.908	0.336	-0.336	750.07504	66.74397	-66.74397	1.35700000000e+03
NGTS-23 b	14.202	0.336	-0.336	194.82881	30.82936	-30.82936	1.32700000000e+03
HAT-P-58 b	14.930	0.482	-0.482	118.23217	9.53485	-9.53485	1.62200000000e+03
NGTS-26 b	14.886	0.661	-0.538	92.80589	20.65885	-19.06970	1.33100000000e+03
NGTS-4 b	3.180	0.260	-0.260	20.60000	3.00000	-3.00000	1.65000000000e+03
TOI-1288 b	4.968	0.108	-0.100	44.10000	2.70000	-2.60000	1.20344152277e+03
TOI-2145 b	12.419	0.310	-0.254	1767.00000	71.00000	-72.00000	1.36342594673e+03
TOI-2842 b	12.845	0.572	-0.538	117.59651	16.52708	-14.93794	1.47100000000e+03
TOI-2977 b	13.159	0.347	-0.303	533.95172	82.63539	-79.45710	1.54400000000e+03
TOI-5616 b	10.780	0.540	-0.470	624.00000			9.39000000000e+02
HATS-54 b	11.377	0.269	-0.269	239.32479	18.11622	-18.11622	1.42900000000e+03
TOI-3819 b	13.137	0.404	-0.392	352.78953	57.20911	-63.56568	1.63300000000e+03
HAT-P-45 b	15.984	1.962	-0.975	283.49200	43.54100	-31.46400	1.65200000000e+03
TOI-125 b	2.726	0.075	-0.075	9.50000	0.88000	-0.88000	1.03700000000e+03
WASP-62 b	14.796	0.897	-0.897	165.27160	25.42640	-25.42640	
HAT-P-46 b	14.392	3.038	-1.491	156.68400	26.06100	-16.52600	1.45800000000e+03
TOI-125 d	2.930	0.170	-0.170	13.60000	1.20000	-1.20000	6.38100000000e+02
TOI-178 e	2.207	0.088	-0.090	3.86000	1.25000	-0.94000	6.00000000000e+02
GJ 3929 b	1.090	0.040	-0.040	1.75000	0.44000	-0.45000	5.68000000000e+02
TOI-784 b	1.930	0.110	-0.090	9.67000	0.83000	-0.82000	
HD 17156 b	12.330	0.336	-0.336	1115.58330	66.74430	-66.74430	
HD 207897 b	2.343	0.124	-0.092	14.80000	1.50000	-1.40000	5.81745441830e+02
NGTS-12 b	11.747	0.359	-0.359	66.10864	6.99226	-6.99226	1.25700000000e+03
NGTS-16 b	14.572	1.457	-1.345	211.99155	49.89906	-40.99986	1.17700000000e+03
TOI-3023 b	16.432	0.482	-0.359	197.05361	31.78284	-28.60456	1.59600000000e+03
KELT-12 b	19.952	1.906	-1.793	301.93850	44.49620	-44.49620	1.80000000000e+03
HAT-P-53 b	14.773	1.020	-1.020	471.65972	17.79848	-17.79848	1.77800000000e+03
NGTS-9 b	11.994	0.673	-0.673	921.70700	54.03110	-54.03110	1.44800000000e+03
NGTS-5 b	12.733	0.258	-0.258	72.78307	11.75971	-11.75971	9.52000000000e+02
TOI-178 b	1.152	0.073	-0.070	1.50000	0.39000	-0.44000	1.04000000000e+03
TOI-178 g	2.870	0.140	-0.130	3.94000	1.31000	-1.62000	4.70000000000e+02
CoRoT-11 b	16.030	0.340	-0.340	740.51000	108.06000	-108.06000	1.65700000000e+03
TOI-2525 c	10.133	0.112	-0.112	208.81326	9.85268	-10.17051	
TOI-4600 c	9.420	0.420	-0.410	2946.26933			1.91000000000e+02
TOI-178 f	2.287	0.108	-0.110	7.72000	1.67000	-1.52000	5.21000000000e+02
HAT-P-63 b	12.543	0.370	-0.370	195.14664	7.62788	-7.62788	1.23700000000e+03
TOI-1408 c	2.220	0.060	-0.060	7.60000	0.20000	-0.20000	
TOI-2018 b	2.268	0.069	-0.069	9.20000	2.10000	-2.10000	
TOI-1437 b	2.240	0.230	-0.220	9.60000	3.90000	-3.30000	
TOI-1201 b	2.415	0.091	-0.090	6.28000	0.84000	-0.88000	7.03000000000e+02
WASP-119 b	15.693	2.242	-2.242	390.93090	25.42640	-25.42640	1.60000000000e+03
HD 73583 b	2.790	0.100	-0.100	10.20000	3.40000	-3.10000	7.14000000000e+02
HD 73583 c	2.390	0.100	-0.090	9.70000	1.80000	-1.70000	4.98000000000e+02
HD 219134 c	1.511	0.047	-0.047	4.36000	0.22000	-0.22000	7.82000000000e+02
HAT-P-23 b	15.334	1.009	-1.009	664.23700	35.27800	-35.27800	2.05600000000e+03
LTT 9779 b	4.720	0.230	-0.230	29.32000	0.78000	-0.81000	1.97800000000e+03
TOI-286 c	1.880	0.120	-0.120	3.72000	2.22000	-2.22000	4.75000000000e+02
TIC 4672985 b	11.500	0.751	-0.729	4049.13391	321.00669	-321.00669	5.17200000000e+02
WASP-33 b	17.856	0.829	-0.829	665.21819	44.17837	-44.17837	2.78170000000e+03
TOI-1408 b	25.000	4.000	-4.000	593.00000	4.00000	-4.00000	
TrES-3 b	14.975	0.347	-0.415	607.03000	23.83600	-25.42500	
TOI-3364 b	12.229	0.426	-0.359	530.77344	38.13941	-41.31769	1.26400000000e+03
HD 136352 b	1.664	0.043	-0.043	4.72000	0.42000	-0.42000	9.05000000000e+02
HD 136352 c	2.916	0.075	-0.073	11.24000	0.65000	-0.63000	6.77000000000e+02
HD 136352 d	2.562	0.088	-0.079	8.82000	0.93000	-0.92000	4.31000000000e+02
CoRoT-27 b	11.287	0.493	-0.493	3302.11000	174.80000	-174.80000	1.50000000000e+03
CoRoT-25 b	12.110	3.400	-1.120	85.81000	12.71000	-12.71000	1.33000000000e+03
TOI-2498 b	6.060	0.290	-0.270	34.62000	4.10000	-4.09000	1.44300000000e+03
KELT-24 b	12.711	0.303	-0.291	1458.83239	57.20911	-57.20911	1.39100000000e+03
TOI-2497 b	11.142	0.616	-0.549	1531.93292	130.30965	-130.30965	1.59500000000e+03
HATS-34 b	16.029	2.130	-2.130	299.07803	22.88376	-22.88376	1.44500000000e+03
HATS-7 b	6.311	0.516	-0.381	38.13960	3.81396	-3.81396	1.08400000000e+03
TOI-908 b	3.186	0.155	-0.155	16.13700	4.11200	-4.03900	1.31700000000e+03
WASP-165 b	14.123	2.130	-1.906	209.13214	30.82951	-29.24036	1.62400000000e+03
TOI-244 b	1.520	0.120	-0.120	2.68000	0.30000	-0.30000	4.58000000000e+02
TOI-544 b	2.018	0.076	-0.076	2.89000	0.48000	-0.48000	9.99000000000e+02
HD 110067 b	2.200	0.030	-0.030	5.69000	1.78000	-1.82000	8.00000000000e+02
HD 110067 c	2.388	0.036	-0.036	6.30000			6.99000000000e+02
HD 110067 d	2.852	0.039	-0.039	8.52000	3.31000	-3.25000	6.02000000000e+02
HD 110067 e	1.940	0.040	-0.040	3.90000			5.33000000000e+02
HD 110067 f	2.601	0.042	-0.042	5.04000	1.89000	-1.94000	4.89000000000e+02
HD 110067 g	2.607	0.052	-0.052	8.40000			4.40000000000e+02
WASP-110 b	13.877	0.628	-0.628	162.09249	20.34102	-20.34102	
HATS-44 b	11.960	1.401	-0.796	177.98480	34.96130	-34.96130	1.16100000000e+03
TOI-2136 b	2.190	0.170	-0.170	6.37000	2.45000	-2.29000	3.95000000000e+02
TOI-622 b	9.236	0.314	-0.325	96.30201	21.93016	-22.88365	1.38800000000e+03
Gliese 12 b	0.958	0.046	-0.048	3.87000			3.14600000000e+02
TOI-500 b	1.166	0.061	-0.058	1.42000	0.18000	-0.18000	1.61700000000e+03
TOI-1107 b	14.572	0.560	-0.560	1064.72516	57.20911	-57.20911	1.72800000000e+03
HD 28109 d	3.250	0.110	-0.110	5.68100	2.73800	-2.11000	5.06500000000e+02
WASP-106 b	11.433	3.363	-3.363	514.88460	298.76020	-298.76020	
TOI-4127 b	12.285	0.437	-0.359	731.00534	34.96112	-34.96112	6.05100000000e+02
TOI-763 b	2.280	0.110	-0.110	9.79000	0.78000	-0.78000	1.03800000000e+03
NGTS-20 b	11.994	0.448	-0.448	947.12865	50.85255	-47.67426	6.88000000000e+02
TOI-132 b	3.420	0.130	-0.140	22.40000	1.90000	-1.92000	1.39500000000e+03
CoRoT-4 b	13.340	0.670	-0.560	228.83000	25.43000	-25.43000	1.07400000000e+03
TOI-1439 b	4.243	0.230	-0.168	38.50000	5.70000	-5.60000	7.48398429157e+02
HATS-49 b	8.575	0.146	-0.146	112.19399	12.07754	-8.58141	8.34800000000e+02
GJ 367 b	0.699	0.024	-0.024	0.63300	0.05000	-0.05000	1.36500000000e+03
TOI-628 b	11.882	0.460	-0.381	2011.86390	92.17070	-98.52730	1.58600000000e+03
TOI-1052 b	2.870	0.290	-0.240	16.90000	1.70000	-1.70000	1.13500000000e+03
WASP-6 b	11.545	1.121	-1.121	117.59710	25.42640	-25.42640	
TOI-5153 b	11.882	0.448	-0.448	1036.12061	57.20911	-54.03083	9.06000000000e+02
OGLE-TR-113 b	12.251	0.314	-0.213	400.44900	50.85100	-50.85100	
Qatar-6 b	11.904	0.796	-0.796	212.31044	20.97678	-20.97678	1.00600000000e+03
WASP-139 b	8.967	0.560	-0.560	37.18611	5.40311	-5.40311	9.10000000000e+02
TOI-763 c	2.630	0.120	-0.120	9.32000	1.02000	-1.02000	8.00000000000e+02
HD 152843 b	3.410	0.140	-0.120	11.56000	6.58000	-6.14000	
WASP-189 b	18.147	0.235	-0.235	632.47853	50.85255	-44.49598	3.35300000000e+03
TOI-2193 A b	19.840			298.75870	57.20911	-57.20911	1.76300000000e+03
TOI-1260 b	2.410	0.050	-0.050	8.56000	1.54000	-1.54000	8.71000000000e+02
TOI-1260 c	2.760	0.070	-0.070	13.20000	4.23000	-4.23000	6.51000000000e+02
TOI-1260 d	3.120	0.080	-0.080	11.84000	7.79000	-7.79000	4.99000000000e+02
GPX-1 b	16.477	1.121	-1.121	6261.21962	508.52545	-508.52545	2.30000000000e+03
WASP-184 b	14.908	1.009	-1.009	181.16310	31.78300	-31.78300	1.48000000000e+03
TOI-2669 b	19.728	1.793	-1.793	193.87533	60.38740	-60.38740	
TOI-1696 b	3.090	0.110	-0.110	48.80000			4.89000000000e+02
HATS-16 b	14.572	1.681	-1.681	1039.30410	60.38770	-60.38770	1.59200000000e+03
HATS-47 b	12.520	0.157	-0.157	117.27927	9.85273	-6.67443	8.52900000000e+02
HATS-71 b	11.478	0.202	-0.202	117.59710	76.27920	-76.27920	5.86800000000e+02
WASP-171 b	10.985	0.785	-0.448	344.52772	29.87602	-29.87602	1.64200000000e+03
LP 890-9 b	1.320	0.053	-0.027	13.20000			3.96000000000e+02
TOI-1468 c	2.064	0.044	-0.044	6.64000	0.67000	-0.68000	3.37500000000e+02
TOI-1468 b	1.280	0.038	-0.039	3.21000	0.24000	-0.24000	6.82200000000e+02
TOI-2236 b	14.370	0.359	-0.347	502.16888	127.13136	-123.95308	1.68800000000e+03
CoRoT-6 b	13.068	0.392	-0.392	940.74000	108.06000	-108.06000	1.01700000000e+03
HATS-28 b	13.384	0.785	-0.785	213.58176	27.65121	-27.65121	1.25300000000e+03
HATS-32 b	14.000	1.614	-1.076	292.40360	31.78300	-31.78300	1.43700000000e+03
K2-19 c	4.100	0.200	-0.200	10.80000	0.60000	-0.60000	
HATS-59 b	12.621	0.863	-0.863	256.17098	21.93027	-21.93027	1.12800000000e+03
CoRoT-36 b	15.805	1.569	-1.569	216.12332	149.37935	-136.66622	1.56700000000e+03
WD 1856+534 b	10.400	1.000	-1.000	4386.05400			1.63000000000e+02
TOI-3362 b	12.801	0.482	-0.460	1598.35906	212.30938	-205.31715	
TOI-1749 b	1.390	0.210	-0.190	57.00000			8.31000000000e+02
HD 95338 b	3.890	0.190	-0.200	42.44000	2.22000	-2.08000	3.85000000000e+02
CoRoT-3 b	11.320	0.780	-0.780	6883.91000	317.80000	-317.80000	
TOI-2046 b	16.141	1.233	-1.233	731.00534	88.99195	-88.99195	
TOI-1811 b	11.142	0.280	-0.258	308.92921	24.15496	-24.79062	9.62200000000e+02
TOI-2152 A b	14.359	0.560	-0.516	899.45439	120.77479	-117.59651	1.80200000000e+03
CoRoT-35 b	18.831	1.233	-1.233	349.61125	117.59651	-117.59651	1.74700000000e+03
TOI-4010 b	3.020	0.080	-0.080	11.00000	1.29000	-1.27000	1.44100000000e+03
TOI-2337 b	10.088	1.121	-1.121	508.52545	47.67426	-47.67426	
TOI-2154 b	16.287	0.594	-0.538	292.40213	60.38740	-57.20911	1.58000000000e+03
2MASS J02192210-3925225 b	16.141	0.336	-0.336	4417.83700	349.61300	-349.61300	
WASP-16 b	13.675	1.121	-1.121	394.10920	79.45750	-79.45750	
K2-285 e	1.950	0.050	-0.050	10.70000			5.00900000000e+02
K2-24 b	5.400	0.200	-0.200	19.00000	2.20000	-2.10000	
TOI-2180 b	11.321	0.247	-0.213	875.61726	27.65107	-25.74410	3.48000000000e+02
HAT-P-60 b	18.282	0.269	-0.269	182.43351	12.07748	-12.07748	1.77200000000e+03
TOI-615 b	18.977	0.583	-0.639	138.25536	27.33324	-26.06193	1.66600000000e+03
CoRoT-31 b	16.365	3.363	-3.363	266.97720	108.06220	-108.06220	
HATS-30 b	13.171	0.583	-0.583	224.38798	12.39537	-12.39537	1.41400000000e+03
TOI-1075 b	1.791	0.116	-0.081	9.95000	1.36000	-1.30000	1.32300000000e+03
HATS-76 b	12.094	0.347	-0.347	835.57088	28.28673	-28.28673	9.39800000000e+02
Qatar-4 b	12.722	1.233	-1.233	1938.76300	171.62820	-171.62820	1.38500000000e+03
TOI-1269 b	2.401	0.150	-0.074	6.40000	3.00000	-2.90000	1.00489685562e+03
TOI-4379 b	16.690	0.886	-0.886	353.74302	22.56582	-22.56582	
TOI-3540 A b	23.539			375.03752	44.49598	-44.49598	1.49800000000e+03
TOI-4010 c	5.930	0.110	-0.120	20.31000	2.13000	-2.11000	9.07000000000e+02
HIP 29442 c	1.551	0.045	-0.045	4.50000	0.32000	-0.32000	1.12300000000e+03
NGTS-6 b	14.863	1.087	-1.255	425.57437	8.89924	-8.89924	1.28390000000e+03
HIP 29442 d	1.538	0.049	-0.049	5.14000	0.41000	-0.41000	9.20000000000e+02
HD 42813 b	3.410	0.046	-0.046	9.10000	0.82000	-0.79000	7.16000000000e+02
HAT-P-51 b	13.507	0.191	-0.179	97.57332	6.67440	-6.35657	1.16820000000e+03
HD 221416 b	9.170	0.340	-0.310	60.50000	5.70000	-5.70000	
TOI-558 b	12.173	0.460	-0.426	1147.36055	47.67426	-47.67426	1.06100000000e+03
TOI-1221 b	2.910	0.130	-0.120	1112.39942			4.40000000000e+02
TOI-251 b	2.740	0.180	-0.180	317.83000			
TOI-480 b	2.854	0.132	-0.102	20.80000	4.40000	-4.20000	1.19893609165e+03
HD 18599 b	2.600	0.150	-0.130	24.10000	7.10000	-7.70000	
HAT-P-38 b	9.247	1.031	-0.706	84.85700	6.35600	-6.35600	1.08200000000e+03
WASP-53 b	12.038	0.415	-0.415	677.61356	29.24036	-29.87602	1.05300000000e+03
HAT-P-67 b	23.371	1.076	-0.796	108.06220	79.45750	-60.38770	1.90300000000e+03
WASP-15 b	15.805	4.035	-4.035	171.62820	92.17070	-92.17070	
TOI-270 b	1.206	0.039	-0.039	1.58000	0.26000	-0.26000	5.81000000000e+02
TOI-3568 b	5.300	0.270	-0.270	26.40000	1.00000	-1.00000	8.99000000000e+02
TOI-3714 b	11.321	0.336	-0.336	222.47988	9.53485	-9.53485	7.50000000000e+02
WASP-187 b	18.383	0.560	-0.560	254.26400	28.60470	-28.60470	
HAT-P-61 b	10.077	0.303	-0.303	335.94463	22.24799	-22.24799	1.50500000000e+03
HATS-46 b	10.122	0.650	-0.504	54.98459	19.70546	-19.70546	1.05400000000e+03
TOI-2338 b	11.209	0.224	-0.224	1900.61387	66.74397	-63.56568	7.99000000000e+02
TOI-1450 A b	1.130	0.043	-0.043	1.25800	0.12800	-0.12800	7.22000000000e+02
CoRoT-13 b	9.920	0.157	-0.157	415.70400	20.97600	-20.97600	1.70000000000e+03
HD 80606 b	11.994	0.336	-0.336	1392.09540	235.19420	-235.19420	
Kepler-305 c	3.300	0.820	-0.330	6.00000	2.40000	-2.20000	
BD+60 1417 b	14.684	0.673	-0.673	4767.42610	1589.14204	-1589.14204	1.30300000000e+03
Kepler-1708 b	9.960	0.600	-0.590	1462.01067			
GU Psc b	14.179	1.289	-1.289	3591.30000	540.30000	-540.30000	1.05000000000e+03
HD 203030 b	14.460	0.673	-0.448	3496.11248	1271.31363	-953.48522	1.04000000000e+03
Kepler-56 b	6.510	0.290	-0.280	22.10000	3.90000	-3.60000	
HATS-37 A b	6.793	0.179	-0.179	31.46517	13.34886	-13.34886	1.08500000000e+03
HATS-15 b	12.386	0.448	-0.448	689.69110	47.67450	-47.67450	1.50500000000e+03
CoRoT-24 b	3.700	0.400	-0.400	5.70000			1.07000000000e+03
Kepler-51 b	7.100	0.300	-0.300	2.10000	1.50000	-0.80000	5.43000000000e+02
Kepler-411 c	4.421	0.062	-0.062	26.40000	5.90000	-5.90000	8.38000000000e+02
KOI-3503 b	1.190	0.240	-0.190	9.20000			7.85000000000e+02
OGLE-TR-132 b	13.450	1.680	-1.230	375.02000	44.49000	-41.32000	2.01300000000e+03
Kepler-92 c	2.600	0.080	-0.080	6.10000	1.80000	-1.80000	
Kepler-92 b	3.510	0.100	-0.100	64.30000	13.90000	-13.90000	
Kepler-20 b	1.773	0.053	-0.030	9.70000	1.30000	-1.30000	1.18700000000e+03
CoRoT-22 b	4.880	0.170	-0.390	12.20000	14.00000	-8.80000	8.85000000000e+02
Kepler-19 b	2.209	0.048	-0.048	6.10000	2.80000	-2.70000	8.51000000000e+02
Kepler-408 b	0.820	0.030	-0.030	5.00000			
Kepler-62 e	1.610	0.050	-0.050	36.00000			2.70000000000e+02
KOI-3680 b	11.097	0.673	-0.785	613.41190	60.38770	-66.74430	3.47000000000e+02
Kepler-426 b	12.220	0.340	-0.340	108.06000	25.43000	-25.43000	1.30000000000e+03
Kepler-80 b	2.670	0.100	-0.100	6.93000	1.05000	-0.70000	
Kepler-80 e	1.600	0.080	-0.070	4.13000	0.81000	-0.95000	
Kepler-46 b	9.057	0.471	-0.482	1907.00000			5.43000000000e+02
Kepler-1704 b	11.949	0.493	-0.471	1322.16617	92.17024	-88.99195	2.53800000000e+02
Kepler-307 c	2.200	0.070	-0.070	3.64000	0.65000	-0.58000	
Kepler-43 b	13.664	0.729	-0.717	1026.59090	82.63580	-82.63580	1.62000000000e+03
Kepler-1972 c	0.868	0.051	-0.050	2.11000	0.59000	-0.65000	
Kepler-79 c	3.720	0.080	-0.080	5.90000	1.90000	-2.30000	
Kepler-406 b	1.430	0.030	-0.030	6.35000	1.40000	-1.40000	
Kepler-48 c	2.710	0.140	-0.140	14.61000	2.30000	-2.30000	
Kepler-29 c	2.340	0.120	-0.110	4.50000	1.10000	-1.10000	
Kepler-51 c	9.000	2.800	-1.700	4.00000	0.40000	-0.40000	4.39000000000e+02
Kepler-79 b	3.470	0.070	-0.070	10.90000	7.40000	-6.00000	
Kepler-106 b	0.820	0.110	-0.110	5.30000			
Kepler-36 c	3.679	0.096	-0.091	7.13000	0.18000	-0.18000	
Kepler-23 c	3.005	0.074	-0.074	7.81000	1.32000	-1.20000	
Kepler-411 b	2.401	0.053	-0.053	25.60000	2.60000	-2.60000	1.13800000000e+03
Kepler-96 b	2.670	0.220	-0.220	8.46000	3.40000	-3.40000	
Kepler-17 b	14.680	0.220	-0.220	778.65000	34.96000	-34.96000	1.57000000000e+03
Kepler-1514 b	12.420	0.258	-0.258	1678.14240	69.92260	-69.92260	3.87900000000e+02
Kepler-238 f	2.000	0.850	-0.170	13.50000	2.90000	-2.50000	
Kepler-30 b	3.900	0.200	-0.200	11.30000	1.40000	-1.40000	
Kepler-323 b	1.381	0.035	-0.035	3.90000			1.83800000000e+03
KOI-94 c	4.320	0.410	-0.410	15.60000	5.70000	-15.60000	1.01200000000e+03
KOI-94 e	6.560	0.620	-0.620	35.00000	18.00000	-28.00000	5.84000000000e+02
Kepler-75 b	11.770	0.340	-0.340	3209.90000	127.10000	-127.10000	7.67000000000e+02
Kepler-423 b	13.361	0.583	-0.583	189.10100	25.74300	-25.74300	1.60500000000e+03
Kepler-28 c	1.857	0.042	-0.042	2.06000	0.70000	-0.52000	
Kepler-21 b	1.639	0.019	-0.015	7.50000	1.30000	-1.30000	2.01500000000e+03
Kepler-47 b	3.050	0.040	-0.040	2.07000	23.70000	-2.07000	
Kepler-68 b	2.357	0.023	-0.023	8.03000	0.67000	-0.67000	1.27500000000e+03
Kepler-131 c	0.840	0.070	-0.070	8.25000	5.90000	-5.90000	
Kepler-87 b	13.490	0.550	-0.550	324.20000	8.80000	-8.80000	4.78000000000e+02
Lupus-TR-3 b	9.976	0.785	-0.785	257.43100	57.20700	-57.20700	
Kepler-74 b	10.760	0.220	-0.220	200.22000	38.14000	-38.14000	1.07800000000e+03
Kepler-109 c	2.650	0.120	-0.120	8.20000			8.59000000000e+02
Kepler-102 f	0.861	0.022	-0.022	4.30000			4.95000000000e+02
PH2 b	9.337	0.291	-0.269	87.08498	20.97667	-21.29450	2.95100000000e+02
Kepler-323 c	1.570	0.040	-0.040	6.80000	3.40000	-3.20000	1.43100000000e+03
Kepler-82 b	4.070	0.240	-0.100	12.15000	0.96000	-0.87000	
Kepler-289 c	11.230	0.210	-0.210	157.18000	7.04000	-7.31000	
Kepler-113 c	2.180	0.060	-0.060	8.70000			
KOI-3503 c	1.210	0.280	-0.090	10.36000			6.86000000000e+02
Kepler-94 b	3.510	0.150	-0.150	10.84000	1.40000	-1.40000	
Kepler-79 e	3.490	0.140	-0.140	4.10000	1.20000	-1.10000	
Kepler-79 d	7.160	0.130	-0.160	6.00000	2.10000	-1.60000	
Kepler-106 e	2.560	0.330	-0.330	11.17000	5.80000	-5.80000	
Kepler-27 c	4.900			4385.87000			
Kepler-117 b	8.059	0.269	-0.269	29.87500	10.48800	-10.48800	9.84000000000e+02
Kepler-57 b	3.135	0.090	-0.088	25.06000	5.16000	-4.91000	
Kepler-57 c	2.196	0.067	-0.065	6.86000	1.52000	-1.43000	
Kepler-282 d	2.460	1.000	-0.200	61.00000	35.90000	-36.10000	
Kepler-18 c	5.490	0.260	-0.260	17.30000	1.90000	-1.90000	
Kepler-18 b	2.000	0.100	-0.100	6.90000	3.40000	-3.40000	
Kepler-107 d	0.860	0.060	-0.060	7.70000			1.17300000000e+03
Kepler-414 b	1.710	0.310	-0.140	3.50000	3.40000	-2.90000	
Kepler-30 d	8.800	0.500	-0.500	23.10000	2.70000	-2.70000	
Kepler-128 b	1.421	0.040	-0.040	3.79000	0.76000	-0.66000	
Kepler-407 b	1.070	0.020	-0.020	3.20000			
Kepler-56 c	9.800	0.460	-0.460	181.00000	21.00000	-19.00000	
Kepler-406 c	0.850	0.030	-0.030	2.71000	1.80000	-1.80000	
Kepler-396 b	3.500	1.280	-0.650	75.50000	11.80000	-5.80000	
CoRoT-30 b	11.310	0.852	-0.852	921.70700	69.92260	-69.92260	
Kepler-31 d	3.900	0.800	-0.800	2161.24400			
CoRoT-17 b	11.430	0.780	-0.780	772.29000	95.34000	-95.34000	1.62600000000e+03
Kepler-11 c	2.870	0.050	-0.060	2.90000	2.90000	-1.60000	
Kepler-113 b	1.820	0.050	-0.050	11.70000	4.20000	-4.20000	
Kepler-289 d	3.030	0.080	-0.080	5.33000	0.43000	-0.42000	
Kepler-106 d	0.950	0.130	-0.130	8.10000			
Kepler-145 c	4.320	0.120	-0.120	79.40000	16.40000	-16.40000	
Kepler-62 c	0.540	0.030	-0.030	4.00000			5.78000000000e+02
Kepler-409 b	1.199	0.043	-0.043	6.00000			4.38000000000e+02
Kepler-102 d	1.154	0.058	-0.058	3.00000	1.30000	-1.30000	6.86000000000e+02
Gaia-1 b	13.776	0.235	-0.235	533.95172	34.96112	-34.96112	
SWEEPS-11 b	12.666	2.354	-2.354	3082.82000	1779.77000	-1430.17000	
SWEEPS-4 b	9.079	1.121	-1.121	1207.70000			
Kepler-167 e	10.160	0.420	-0.420	321.00669	50.85255	-47.67426	1.34400000000e+02
Kepler-8 b	15.872	0.594	-0.695	187.51970	41.31790	-38.13960	1.68000000000e+03
K2-295 b	10.054	0.123	-0.056	106.47305	19.70546	-19.70546	8.52000000000e+02
HD 137496 b	1.310	0.060	-0.050	4.04000	0.55000	-0.55000	2.13000000000e+03
Kepler-10 b	1.470	0.030	-0.020	3.26000	0.30000	-0.30000	2.18800000000e+03
Kepler-10 c	2.355	0.022	-0.022	11.40000	1.30000	-1.30000	5.78000000000e+02
K2-79 b	4.090	0.170	-0.120	9.20000	2.40000	-2.40000	1.02200000000e+03
TRAPPIST-1 h	0.755	0.014	-0.014	0.32600	0.02000	-0.02000	
K2-216 b	1.750	0.170	-0.100	8.00000	1.60000	-1.60000	1.10300000000e+03
K2-232 b	11.209	0.247	-0.224	126.49634	11.75971	-11.75971	1.03000000000e+03
EPIC 249893012 c	3.670	0.170	-0.140	14.67000	1.84000	-1.89000	9.90000000000e+02
EPIC 249893012 d	3.940	0.130	-0.120	10.18000	2.46000	-2.42000	7.52000000000e+02
HD 80653 b	1.613	0.071	-0.071	5.72000	0.36000	-0.35000	2.46300000000e+03
K2-285 b	2.590	0.060	-0.060	9.68000	1.21000	-1.37000	1.08890000000e+03
CT Cha b	24.660	9.080	-6.730	5403.00000	1907.00000	-1907.00000	2.60000000000e+03
WASP-85 A b	13.899	0.336	-0.336	402.05495	20.65895	-20.65895	1.45200000000e+03
Kepler-223 d	5.240	0.260	-0.450	8.00000	1.50000	-1.30000	
Kepler-223 e	4.600	0.270	-0.410	4.80000	1.40000	-1.20000	
TRAPPIST-1 b	1.116	0.014	-0.012	1.37400	0.06900	-0.06900	
K2-290 b	3.060	0.160	-0.160	10.90000			1.23000000000e+03
TRAPPIST-1 d	0.788	0.011	-0.010	0.38800	0.01200	-0.01200	
K2-136 c	3.000	0.130	-0.130	18.10000	1.90000	-1.80000	4.70000000000e+02
HD 3167 c	3.000	0.450	-0.210	11.13000	0.78000	-0.74000	5.64000000000e+02
BD+20 594 b	2.578	0.112	-0.112	22.24810	9.53490	-9.53490	
K2-24 c	7.500	0.300	-0.300	15.40000	1.90000	-1.80000	
WASP-75 b	14.235	0.538	-0.538	340.06000	15.89000	-15.89000	1.71000000000e+03
K2-36 c	3.200	0.300	-0.300	7.90000	2.80000	-2.80000	8.54000000000e+02
K2-138 g	3.013	0.303	-0.251	4.32000	5.26000	-3.03000	
K2-419 A b	10.550	0.390	-0.390	196.00000	15.00000	-15.00000	3.77000000000e+02
K2-291 b	1.589	0.095	-0.072	6.49000	1.16000	-1.16000	
K2-138 c	2.299	0.120	-0.087	6.31000	1.13000	-1.23000	
K2-138 e	3.390	0.156	-0.110	12.97000	1.98000	-1.99000	
K2-238 b	14.572	1.681	-1.569	273.33380	41.31790	-38.13960	1.58700000000e+03
EPIC 220674823 c	2.836	0.086	-0.073	8.90000	2.40000	-2.40000	8.05000000000e+02
TRAPPIST-1 c	1.097	0.014	-0.012	1.30800	0.05600	-0.05600	
K2-19 b	7.000	0.200	-0.200	32.40000	1.70000	-1.70000	
TRAPPIST-1 g	1.129	0.015	-0.013	1.32100	0.03800	-0.03800	
K2-32 e	1.212	0.052	-0.046	2.10000	1.30000	-1.10000	1.06600000000e+03
K2-280 b	7.500	0.440	-0.440	37.10000	5.60000	-5.60000	7.87000000000e+02
Qatar-2 b	14.056	0.146	-0.146	792.63500	17.16200	-17.16200	1.34400000000e+03
K2-141 c	7.000	4.600	-2.800	8.00000			6.95000000000e+02
K2-415 b	1.015	0.051	-0.005	7.50000			4.12400000000e+02
K2-417 b	3.310	0.140	-0.120	699.22250			5.58000000000e+02
K2-39 b	6.277	1.681	-1.681	28.60470	15.89150	-15.89150	
K2-290 c	11.276	0.560	-0.560	246.00042	14.93801	-14.93801	6.76000000000e+02
CFHTWIR-Oph 98 b	20.849	0.560	-0.560	2479.06157	222.47988	-254.26273	1.80000000000e+03
Kepler-1705 b	2.030	0.120	-0.140	4.47000	0.48000	-0.43000	
K2-60 b	7.656	0.415	-0.415	135.39558	11.75971	-11.75971	1.40000000000e+03
Kepler-396 c	5.300	1.950	-0.990	17.90000	2.80000	-1.30000	
KOI-1783.02	5.440	0.520	-0.300	15.00000	4.30000	-3.60000	
Kepler-289 b	2.490	0.070	-0.070	3.70000	3.79000	-1.96000	
Kepler-34 b	8.564	0.135	-0.157	69.92000	3.49600	-3.17800	
Kepler-29 b	2.550	0.120	-0.120	5.00000	1.50000	-1.30000	
Kepler-1972 b	0.802	0.042	-0.041	2.02000	0.56000	-0.62000	
Kepler-102 c	0.567	0.028	-0.028	1.70000			7.77000000000e+02
Kepler-95 b	3.420	0.090	-0.090	13.00000	2.90000	-2.90000	
HAT-P-7 b	16.926	2.354	-2.354	584.80720	168.44990	-168.44990	
Kepler-412 b	15.031	0.493	-0.516	299.07803	39.72875	-6.03877	1.85000000000e+03
Kepler-102 b	0.460	0.026	-0.026	1.10000			8.57000000000e+02
Kepler-849 b	8.082	0.303	-0.325	298.75870	63.56568	-63.56568	3.62700000000e+02
KOI-94 d	11.270	1.060	-1.060	106.00000	11.00000	-11.00000	8.06000000000e+02
OGLE-TR-211 b	15.244	2.018	-1.009	327.35100	63.56300	-63.56300	
CoRoT-29 b	10.088	1.793	-1.793	270.15550	63.56600	-63.56600	
Kepler-427 b	13.790	2.350	-2.350	92.17000	28.60000	-28.60000	1.10000000000e+03
CoRoT-24 c	5.000	0.500	-0.500	28.00000	11.00000	-11.00000	8.50000000000e+02
WISEP J121756.91+162640.2 A b	10.468	0.327	-0.327	6992.00000	636.00000	-636.00000	4.50000000000e+02
WASP-185 b	14.011	0.897	-0.897	311.47340	19.06980	-19.06980	1.16000000000e+03
Kepler-595 b	3.708	0.010	-0.010	17.40000	7.10000	-3.80000	
HATS-8 b	9.785	1.379	-0.841	43.86054	6.03877	-6.03877	1.32400000000e+03
Kepler-1654 b	9.180	0.213	-0.191	158.91500			2.06000000000e+02
Kepler-49 c	2.444	0.083	-0.082	8.38000	0.92000	-0.89000	
Kepler-415 b	1.210	0.130	-0.100	119.90000	102.10000	-87.40000	
Kepler-433 b	16.250	1.790	-1.790	896.24000	165.26000	-165.26000	1.77600000000e+03
Kepler-462 b	3.000	0.200	-0.100	53.90000	104.60000	-23.80000	
Kepler-1661 b	3.870	0.060	-0.060	17.00000	12.00000	-12.00000	2.43000000000e+02
Kepler-114 d	2.530	0.280	-0.280	3.90000	1.70000	-1.70000	
KOI-1257 b	10.540	1.350	-1.350	460.83000	111.24000	-111.24000	5.11000000000e+02
CoRoT-23 b	11.770	1.460	-1.460	889.90000	95.30000	-95.30000	1.66000000000e+03
Kepler-20 d	2.606	0.053	-0.039	13.40000	3.70000	-3.60000	4.30000000000e+02
Kepler-177 b	3.500	0.190	-0.150	5.84000	0.86000	-0.82000	
Kepler-60 b	1.710	0.130	-0.130	4.19000	0.56000	-0.52000	
Kepler-32 b	2.200	0.200	-0.200	1303.00000			
Kepler-47 c	4.650	0.090	-0.070	3.17000	2.18000	-1.25000	
Kepler-14 b	12.733	0.818	-0.605	2669.66000	111.24000	-108.06000	
Kepler-279 d	3.100	1.240	-0.300	37.50000	5.50000	-4.50000	
PH1 b	6.180	0.170	-0.170	169.00000			4.81000000000e+02
Kepler-41 b	14.460	0.220	-0.220	177.98000	25.43000	-25.43000	1.79000000000e+03
Kepler-279 c	4.300	1.720	-0.410	49.40000	7.20000	-5.90000	
KOI-2513.01	2.802	22.418	-0.560	7310.05336	635.65681	-635.65681	
Kepler-453 b	6.204	0.039	-0.039	16.00000			
Kepler-39 b	13.900	1.010	-1.120	6388.10000	413.20000	-381.40000	8.97000000000e+02
KOI-1833 d	2.580	0.230	-0.220	11.02000			6.13000000000e+02
HATS-50 b	12.666	0.841	-0.841	123.95370	31.78300	-31.78300	
Kepler-35 b	8.160	0.157	-0.157	40.36300	6.35600	-6.35600	
Kepler-138 d	1.510	0.040	-0.040	2.10000	0.60000	-0.70000	3.45000000000e+02
Kepler-91 b	15.323	0.773	-0.673	257.44230	57.20940	-54.03110	2.04000000000e+03
Kepler-1658 b	11.994	0.560	-0.560	1868.84040	149.38010	-146.20180	
Kepler-87 c	6.140	0.290	-0.290	6.40000	0.80000	-0.80000	4.03000000000e+02
Kepler-40 b	13.110	0.450	-0.450	699.20000	127.10000	-127.10000	1.62000000000e+03
Kepler-138 b	0.640	0.020	-0.020	0.07000	0.02000	-0.02000	4.52000000000e+02
Kepler-16 b	8.449	0.029	-0.029	105.83300	5.08500	-5.08500	
Kepler-52 b	2.100			135.00000			
CoRoT-28 b	10.705	0.740	-0.740	153.82972	27.65121	-27.65121	
Kepler-26 b	2.780	0.110	-0.110	5.12000	0.65000	-0.61000	
Kepler-1705 c	2.050	0.140	-0.150	5.42000	0.61000	-0.57000	
CoRoT-14 b	12.220	0.780	-0.780	2415.40000	190.70000	-190.70000	1.95200000000e+03
CoRoT-21 b	14.572	1.569	-1.569	718.29580	98.52730	-98.52730	
Kepler-595 c	1.009	0.024	-0.024	3.30000	1.70000	-1.00000	
WTS-1 b	16.700	1.790	-2.020	1274.44000	111.24000	-111.24000	1.50000000000e+03
CoRoT-16 b	13.110	1.790	-1.570	170.03200	27.01400	-26.37900	
OGLE-TR-182 b	12.666	2.690	-0.897	320.99500	47.67200	-47.67200	
WASP-163 b	13.473	1.087	-1.087	594.34210	66.74430	-66.74430	1.63800000000e+03
CoRoT-26 b	14.120	1.460	-0.780	165.26000	15.89000	-15.89000	1.60000000000e+03
Kepler-22 b	2.100	0.120	-0.120	9.10000			2.79000000000e+02
POTS-1 b	10.548	0.404	-0.527	734.16000	244.72000	-244.72000	
OGLE2-TR-L9 b	18.046	0.448	-0.448	1430.17500	476.72500	-476.72500	
Kepler-350 c	3.100	1.420	-0.600	6.10000	3.30000	-3.20000	
KOI-1599.02	1.900	0.200	-0.200	9.00000	0.30000	-0.30000	
Kepler-76 b	15.244	1.345	-1.345	638.83830	117.59710	-111.24050	2.14000000000e+03
KOI-4777.01	0.510	0.030	-0.030	99.20000			1.18000000000e+03
