# PlanetS Exopanet Catalog
# Source: https://dace.unige.ch/exoplanets//
# Last updated: 2025-02-25 00:00:00
# pl_name	pl_rade	pl_radeerr1	pl_radeerr2	pl_masse	pl_masseerr1	pl_masseerr2	pl_eqt
55 Cnc e	1.871903	0.033627	0.033627	7.990195919999999	0.32100628	0.33054111999999997	
BD-14 3065 b	21.588534	1.0536459999999999	1.0536459999999999	3931.5323599999992	292.40175999999997	276.51036	2001.0
CoRoT-1 b	16.70141	0.89672	0.89672	327.36284	38.139359999999996	38.139359999999996	1898.0
CoRoT-10 b	10.872729999999999	0.78463	0.78463	867.6704399999999	44.49592	44.49592	
CoRoT-11 b	16.028869999999998	0.33626999999999996	0.33626999999999996	740.53924	108.06152	108.06152	1657.0
CoRoT-12 b	15.064896000000001	0.8294659999999999	0.7958389999999999	277.463844	25.744068	24.790584	1417.0
CoRoT-13 b	9.919965	0.156926	0.156926	415.719024	20.976648	20.976648	1700.0
CoRoT-14 b	12.21781	0.78463	0.78463	2358.28376	149.37915999999998	149.37915999999998	
CoRoT-17 b	11.43318	0.78463	0.78463	765.96548	85.81356	82.63528	
CoRoT-18 b	14.022458999999998	0.930347	0.930347	1039.29756	54.03076	54.03076	1490.0
CoRoT-19 b	14.45961	0.33626999999999996	0.33626999999999996	367.09134	22.883615999999996	22.883615999999996	
CoRoT-2 b	16.432394	0.47077800000000003	0.49319599999999997	1048.8323999999998	60.387319999999995	57.209039999999995	
CoRoT-20 b	9.41556	0.44836	0.44836	1344.41244	82.63528	79.457	
CoRoT-26 b	14.123339999999999	1.45717	0.78463	165.27056	15.891399999999999	15.891399999999999	1600.0
CoRoT-27 b	11.287462999999999	0.49319599999999997	0.49319599999999997	3273.6284	257.44068	263.79724	
CoRoT-28 b	10.704595	0.7397940000000001	0.7397940000000001	152.87526799999998	17.798368	17.798368	
CoRoT-3 b	11.130537	0.650122	0.650122	6747.488439999999	260.61895999999996	187.51851999999997	
CoRoT-30 b	11.309880999999999	0.851884	0.851884	921.7011999999999	69.92215999999999	69.92215999999999	
CoRoT-4 b	13.338709999999999	0.616495	0.616495	223.43308399999998	22.565787999999998	23.201443999999995	
CoRoT-5 b	14.078503999999999	0.515614	0.504405	145.883052	16.844883999999997	10.170496	1397.0
CoRoT-6 b	13.069693999999998	0.392315	0.392315	937.5926	88.99184	88.99184	
CoRoT-7 b	1.524424	0.067254	0.067254	6.0546234	0.6515474	0.6515474	
CoRoT-8 b	6.389129999999999	0.22418	0.22418	69.92215999999999	9.534839999999999	9.534839999999999	
CoRoT-9 b	11.623732999999998	0.919138	0.919138	262.52592799999996	26.379724	26.379724	413.0
EPIC 201595106 b	1.56926	0.078463	0.078463	7.669189639999999	0.75007408	0.75007408	2038.0
EPIC 220674823 b	1.726186	0.033627	0.033627	8.20949724	0.75960892	0.7405392399999999	2300.0
EPIC 229004835 b	2.3314719999999998	0.078463	0.089672	10.399332159999998	1.5986748399999997	1.50014816	804.0
EPIC 249893012 b	1.9503659999999998	0.089672	0.078463	8.74980484	1.09015004	1.0806151999999998	1616.0
EPIC 249893012 c	3.665343	0.16813499999999998	0.134508	14.670940479999999	1.8402241199999998	1.8910765999999999	990.0
EPIC 249893012 d	3.9455679999999997	0.134508	0.12329899999999999	10.18003084	2.45998872	2.4186710799999998	752.0
G 9-40 b	1.9055300000000002	0.067254	0.067254	4.00145452	0.6292994399999999	0.6292994399999999	440.6
GJ 1132 b	1.132109	0.056045	0.056045	1.6590621599999997	0.22883615999999998	0.22883615999999998	529.0
GJ 1214 b	2.7349959999999998	0.033627	0.033627	8.40972888	0.35914563999999993	0.3496108	567.0
GJ 1252 b	1.188154	0.078463	0.078463	1.3189861999999999	0.27968864	0.27968864	
GJ 143 b	2.611697	0.16813499999999998	0.156926	22.69927576	2.1993697599999997	1.9006114399999998	422.0
GJ 3090 b	2.1297099999999998	0.11209	0.11209	3.34037228	0.72146956	0.72146956	693.0
GJ 3470 b	4.573271999999999	0.179344	0.179344	13.898618439999998	1.50014816	1.50014816	593.5
GJ 3473 b	1.266617	0.044836	0.044836	1.8592937999999999	0.29875831999999997	0.29875831999999997	773.0
GJ 357 b	1.221781	0.078463	0.078463	1.8402241199999998	0.31147144	0.31147144	525.0
GJ 367 b	0.694958	0.022418	0.022418	0.6324777199999999	0.05085248	0.05085248	1365.0
GJ 436 b	4.192166	0.11209	0.11209	23.137878399999998	0.7627871999999999	0.7627871999999999	686.0
GJ 486 b	1.300244	0.067254	0.067254	2.8191343599999996	0.11123979999999999	0.12077464	701.0
GJ 806 b	1.3338709999999998	0.022418	0.022418	1.9006114399999998	0.16844884	0.16844884	940.0
GJ 9827 b	1.434752	0.089672	0.067254	4.281143159999999	0.3496108	0.33054111999999997	1035.01
GJ 9827 c	1.132109	0.067254	0.044836	1.8592937999999999	0.36868048	0.39092843999999993	715.94
GJ 9827 d	1.8943210000000001	0.156926	0.134508	3.0193659999999998	0.57844696	0.5689121199999999	599.68
GPX-1 b	16.47723	1.1209	1.1209	6261.2116	508.52479999999997	508.52479999999997	2300.0
Gaia-1 b	13.775861	0.23538900000000001	0.23538900000000001	533.9510399999999	34.961079999999995	34.961079999999995	
Gaia-2 b	14.818298	0.14571699999999999	0.14571699999999999	259.66547599999996	14.937916	14.937916	
HAT-P-1 b	13.731025	0.6613309999999999	0.6613309999999999	166.54187199999998	9.852668	9.852668	
HAT-P-11 b	5.010423	0.067254	0.067254	25.0130636	1.5255743999999998	1.5255743999999998	847.0
HAT-P-12 b	10.749431	0.325061	0.23538900000000001	67.061708	3.813936	3.813936	963.0
HAT-P-13 b	14.257848	0.728585	0.728585	270.47162799999995	12.077463999999999	12.077463999999999	
HAT-P-14 b	12.890349999999998	0.5828679999999999	0.5828679999999999	709.392096	18.751851999999996	18.751851999999996	1570.0
HAT-P-15 b	12.016048	0.48198699999999994	0.48198699999999994	618.4932879999999	20.976648	20.976648	904.0
HAT-P-16 b	13.338709999999999	0.392315	0.392315	1331.381492	29.240175999999998	29.240175999999998	1571.0
HAT-P-17 b	11.32109	0.325061	0.325061	169.72015199999998	5.720903999999999	5.720903999999999	792.0
HAT-P-18 b	10.614923	0.49319599999999997	0.49319599999999997	62.294287999999995	2.542624	2.542624	841.0
HAT-P-19 b	11.298672	0.156926	0.14571699999999999	88.03835600000001	5.4030759999999995	5.085248	981.2
HAT-P-2 b	10.659759	0.437151	0.594077	2739.6773599999997	123.95291999999999	174.8054	
HAT-P-20 b	11.489225	0.594077	0.594077	2294.71816	114.41807999999999	114.41807999999999	964.0
HAT-P-22 b	12.10572	0.650122	0.650122	682.3767159999999	19.387507999999997	19.387507999999997	1283.0
HAT-P-23 b	15.333912000000002	1.00881	1.00881	626.1211599999999	38.139359999999996	38.139359999999996	
HAT-P-24 b	13.921578	0.751003	0.751003	217.71218	10.488324	10.488324	1637.0
HAT-P-25 b	13.338709999999999	0.907929	0.627704	180.20847599999996	6.992215999999999	6.992215999999999	1202.0
HAT-P-27 b	11.43318	0.78463	0.6725399999999999	195.78204799999997	9.534839999999999	9.534839999999999	
HAT-P-28 b	13.585308	1.23299	0.919138	202.456436	11.759635999999999	11.759635999999999	
HAT-P-29 b	11.926376	0.840675	0.762212	243.77407599999998	14.937916	14.302259999999999	1271.0
HAT-P-3 b	10.614923	0.347479	0.347479	185.61155199999996	8.899184	8.899184	1189.0
HAT-P-30 b	15.02006	0.728585	0.728585	225.97570799999997	8.899184	8.899184	1630.0
HAT-P-32 b	22.19382	0.504405	0.504405	216.12304	34.961079999999995	31.782799999999998	1835.7
HAT-P-33 b	18.898374	0.504405	0.504405	209.76648	44.49592	44.49592	
HAT-P-35 b	14.930388	1.098482	1.098482	334.990712	10.488324	10.488324	1581.0
HAT-P-36 b	14.313892999999998	0.22418	0.22418	587.4097095999999	27.651035999999994	27.651035999999994	1780.97
HAT-P-37 b	13.204201999999999	0.863093	0.863093	371.540932	32.736284	32.736284	1271.0
HAT-P-39 b	17.609339	1.23299	0.907929	180.84413199999997	28.286691999999995	34.961079999999995	
HAT-P-4 b	15.322702999999999	0.5828679999999999	0.49319599999999997	176.712368	21.612303999999998	21.612303999999998	
HAT-P-40 b	19.391569999999998	0.694958	0.694958	184.658068	10.488324	10.806151999999999	
HAT-P-41 b	18.887165	0.851884	0.5716589999999999	252.67326	17.798368	28.922347999999996	
HAT-P-43 b	14.358728999999999	0.694958	0.36989700000000003	210.40213599999998	19.069679999999998	19.069679999999998	1361.0
HAT-P-44 b	13.921578	1.188154	0.5716589999999999	111.87545599999999	9.217012	9.217012	1108.0
HAT-P-47 b	14.717417	0.504405	0.504405	65.472568	12.395292	12.395292	1605.0
HAT-P-48 b	12.677379	0.605286	0.605286	53.395103999999996	7.627872	7.627872	1361.0
HAT-P-49 b	15.838317	1.434752	0.863093	549.8424399999999	65.15473999999999	65.15473999999999	2131.0
HAT-P-5 b	14.056085999999999	0.5716589999999999	0.627704	324.18456	31.782799999999998	31.782799999999998	
HAT-P-50 b	14.437192	0.717376	0.717376	429.0678	23.201443999999995	23.201443999999995	1862.0
HAT-P-51 b	13.506845	0.190553	0.179344	97.573196	6.6743879999999995	6.35656	1168.2
HAT-P-52 b	11.309880999999999	0.8070479999999999	0.8070479999999999	259.66547599999996	13.030947999999999	12.395292	
HAT-P-53 b	14.773462	1.020019	1.020019	469.431956	13.348775999999999	13.984431999999998	
HAT-P-54 b	10.581295999999998	0.313852	0.313852	241.54927999999998	10.170496	10.170496	818.0
HAT-P-55 b	14.840716	0.257807	0.24659799999999998	189.42548799999997	23.201443999999995	22.883615999999996	1367.0
HAT-P-56 b	16.432394	0.44836	0.44836	603.8731999999999	69.92215999999999	88.99184	
HAT-P-58 b	14.930388	0.48198699999999994	0.48198699999999994	118.23201599999999	9.534839999999999	9.534839999999999	1622.0
HAT-P-59 b	12.587707	0.14571699999999999	0.14571699999999999	489.45511999999997	21.294476	21.294476	1277.8
HAT-P-6 b	14.90797	0.6837489999999999	0.6837489999999999	335.944196	37.821532	37.821532	
HAT-P-60 b	18.281879	0.269016	0.269016	182.43327199999996	12.077463999999999	12.077463999999999	1772.0
HAT-P-61 b	10.076891	0.302643	0.302643	335.944196	22.24796	22.24796	1505.0
HAT-P-62 b	12.027256999999999	0.325061	0.325061	241.86710799999997	27.968863999999996	27.968863999999996	1512.0
HAT-P-63 b	12.542871	0.36989700000000003	0.36989700000000003	195.146392	7.627872	7.627872	1237.0
HAT-P-65 b	18.057699	0.269016	0.269016	176.07671200000001	29.240175999999998	28.922347999999996	1818.0
HAT-P-68 b	12.016048	0.134508	0.134508	230.10747199999997	13.666603999999998	13.666603999999998	1027.8
HAT-P-69 b	18.786284	0.5716589999999999	0.36989700000000003	1137.82424	184.34023999999997	184.34023999999997	1930.0
HAT-P-7 b	16.712619	0.6837489999999999	0.6837489999999999	534.586696	6.6743879999999995	6.35656	2700.0
HAT-P-8 b	16.813499999999998	0.78463	0.78463	430.339112	11.12398	11.12398	
HAT-P-9 b	15.692599999999999	0.6725399999999999	0.6725399999999999	212.94476	25.42624	25.42624	
HATS-10 b	10.861521	0.6837489999999999	0.504405	167.177528	25.744068	25.744068	1407.0
HATS-11 b	16.667783	0.347479	0.347479	263.79724	31.782799999999998	31.782799999999998	
HATS-12 b	15.513255999999998	0.6613309999999999	0.6613309999999999	759.60892	27.651035999999994	27.651035999999994	
HATS-13 b	13.585308	0.392315	0.392315	172.580604	22.883615999999996	22.883615999999996	1244.0
HATS-14 b	11.646150999999998	0.358688	0.24659799999999998	339.75813199999993	29.875832	30.829316	
HATS-15 b	12.385945	0.44836	0.44836	689.6867599999999	47.67419999999999	47.67419999999999	1505.0
HATS-17 b	8.709393	0.627704	0.627704	425.25386399999996	20.65882	20.65882	814.0
HATS-18 b	14.896761	0.840675	0.840675	629.1405259999999	24.154927999999998	24.154927999999998	2069.48
HATS-2 b	13.092111999999998	0.33626999999999996	0.33626999999999996	427.47865999999993	47.67419999999999	47.67419999999999	1577.0
HATS-22 b	10.682177	0.538032	0.325061	870.84872	34.961079999999995	34.961079999999995	858.0
HATS-24 b	15.636555	0.638913	0.638913	718.2912799999999	54.03076	54.03076	2166.0
HATS-25 b	14.123339999999999	1.1209	1.1209	194.82856399999997	13.348775999999999	13.348775999999999	1277.0
HATS-28 b	13.383545999999999	0.78463	0.78463	213.58041599999999	27.651035999999994	27.651035999999994	1253.0
HATS-29 b	14.022458999999998	0.6837489999999999	0.6837489999999999	207.541684	20.023163999999998	20.023163999999998	1212.0
HATS-3 b	15.479629	0.392315	0.392315	349.6108	57.209039999999995	60.387319999999995	
HATS-30 b	13.170575	0.5828679999999999	0.5828679999999999	224.38656799999998	12.395292	12.395292	1414.0
HATS-33 b	13.78707	1.255408	0.907929	378.85097599999995	16.844883999999997	16.844883999999997	1429.0
HATS-35 b	16.409976	0.773421	0.49319599999999997	388.385816	24.790584	24.790584	2037.0
HATS-36 b	13.843115000000001	0.48198699999999994	0.48198699999999994	1022.134848	19.705336	19.705336	1356.0
HATS-38 b	6.882326	0.190553	0.190553	23.519271999999997	3.4961079999999995	3.4961079999999995	1294.0
HATS-39 b	17.59813	1.3450799999999998	1.3450799999999998	200.23164	41.31764	41.31764	1645.0
HATS-4 b	11.43318	0.41473299999999996	0.41473299999999996	416.03685199999995	12.71312	12.395292	
HATS-43 b	13.226619999999999	0.56045	0.56045	82.953108	17.162712	17.162712	1003.0
HATS-45 b	14.414774	1.042437	1.042437	222.47959999999998	47.67419999999999	47.67419999999999	1518.0
HATS-47 b	12.520453	0.156926	0.156926	117.27853199999998	9.852668	6.6743879999999995	852.9
HATS-48 A b	8.9672	0.16813499999999998	0.16813499999999998	77.232204	6.992215999999999	9.534839999999999	954.6
HATS-49 b	8.574885	0.14571699999999999	0.14571699999999999	112.19328399999999	12.077463999999999	8.581356	834.8
HATS-5 b	10.222608	0.280225	0.280225	75.32523599999999	3.813936	3.813936	1025.0
HATS-52 b	15.490837999999998	0.9639739999999999	0.9639739999999999	711.93472	47.67419999999999	47.67419999999999	1834.0
HATS-53 b	15.02006	0.627704	0.627704	189.10765999999998	28.286691999999995	28.286691999999995	1312.0
HATS-54 b	11.377134999999999	0.269016	0.269016	239.32448399999998	18.116196	18.116196	1429.0
HATS-55 b	14.022458999999998	0.29143399999999997	0.29143399999999997	292.719588	24.154927999999998	24.154927999999998	1367.0
HATS-56 b	18.920792	0.437151	0.616495	191.33245599999998	11.12398	11.12398	1902.0
HATS-57 b	12.767051	0.313852	0.313852	1000.2047159999998	23.201443999999995	23.201443999999995	1413.4
HATS-58 A b	12.273855	0.694958	0.694958	327.36284	73.10043999999999	73.10043999999999	1721.0
HATS-59 b	12.621334	0.863093	0.863093	256.169368	21.930132	21.930132	1128.0
HATS-6 b	11.186582	0.212971	0.212971	101.387132	22.24796	22.24796	712.8
HATS-60 b	12.923977	0.594077	0.594077	210.40213599999998	17.480539999999998	17.480539999999998	1528.0
HATS-61 b	13.394755	0.751003	0.751003	1080.6152	44.49592	44.49592	1226.1
HATS-63 b	13.529263	0.437151	0.437151	305.11487999999997	38.139359999999996	38.139359999999996	1398.3
HATS-64 b	18.819911	0.907929	0.907929	305.11487999999997	63.565599999999996	63.565599999999996	1793.0
HATS-65 b	16.824709	0.56045	0.56045	260.936788	26.379724	26.379724	1634.0
HATS-66 b	15.815899	0.9415560000000001	0.9415560000000001	1694.02324	216.12304	216.12304	1998.0
HATS-67 b	18.887165	0.5268229999999999	0.5268229999999999	460.85059999999993	38.139359999999996	38.139359999999996	2193.0
HATS-68 b	13.809488	0.437151	0.325061	409.99812	18.751851999999996	18.751851999999996	1741.0
HATS-7 b	6.310667	0.515614	0.381106	38.139359999999996	3.813936	3.813936	1084.0
HATS-70 b	15.513255999999998	0.8855109999999999	0.8294659999999999	4099.9812	572.0903999999999	508.52479999999997	2730.0
HATS-72 b	8.092898	0.033627	0.033627	39.8556312	1.2395291999999998	1.2395291999999998	739.3
HATS-74 A b	11.567688	0.23538900000000001	0.23538900000000001	464.02887999999996	44.49592	44.49592	895.1
HATS-75 b	9.908756	0.14571699999999999	0.14571699999999999	156.05354799999998	12.395292	12.395292	772.3
HATS-76 b	12.094510999999999	0.347479	0.347479	835.569812	28.286691999999995	28.286691999999995	939.8
HATS-77 b	13.058485	0.23538900000000001	0.23538900000000001	436.695672	31.782799999999998	23.519271999999997	828.3
HATS-9 b	13.136947999999999	0.11209	0.11209	259.34764799999994	12.077463999999999	12.077463999999999	
HD 106315 c	4.349092	0.23538900000000001	0.23538900000000001	15.19853496	3.6995179199999995	3.6995179199999995	886.0
HD 110113 b	2.051247	0.12329899999999999	0.12329899999999999	4.551296959999999	0.6197645999999999	0.6197645999999999	1371.0
HD 114082 b	11.209	0.33626999999999996	0.33626999999999996	2542.624	317.828	317.828	
HD 118203 b	12.060884	0.392315	0.392315	725.2834959999999	14.302259999999999	14.302259999999999	1360.0
HD 136352 b	1.6589319999999999	0.044836	0.044836	4.7197458	0.41953295999999995	0.41953295999999995	905.0
HD 136352 c	2.91434	0.078463	0.078463	11.23839808	0.6515474	0.6292994399999999	677.0
HD 136352 d	2.566861	0.089672	0.078463	8.819726999999999	0.9312360399999999	0.91852292	431.0
HD 137496 b	1.311453	0.056045	0.044836	4.03959388	0.5498424399999999	0.5498424399999999	2130.0
HD 1397 b	11.500434	0.280225	0.302643	131.89862	6.35656	6.35656	1228.3
HD 149026 b	9.090499	0.325061	0.302643	102.340616	4.449592	3.813936	
HD 15337 b	1.7710219999999999	0.033627	0.033627	6.5186522799999995	0.40999811999999997	0.40046328	
HD 15337 c	2.522025	0.089672	0.078463	6.79198436	1.3030948	1.1441807999999998	
HD 17156 b	12.273855	0.22418	0.22418	1014.1891479999998	10.488324	10.488324	
HD 183579 b	3.485999	0.067254	0.067254	20.401379319999997	2.5998330399999996	2.50130636	752.0
HD 189733 b	14.123339999999999	0.33626999999999996	0.33626999999999996	365.50219999999996	12.71312	12.71312	
HD 191939 b	3.407536	0.078463	0.078463	9.99886888	0.6992216	0.6992216	880.0
HD 191939 c	3.1945649999999994	0.078463	0.078463	7.999730759999999	1.0011581999999999	1.0011581999999999	600.0
HD 202772 A b	17.317905	0.5828679999999999	0.6725399999999999	323.2310759999999	22.24796	21.612303999999998	2132.0
HD 20329 b	1.714977	0.067254	0.067254	7.421283799999999	1.09015004	1.09015004	2141.0
HD 207897 b	2.499607	0.078463	0.078463	14.40078668	1.5986748399999997	1.5986748399999997	632.2
HD 209458 b	15.233030999999999	0.179344	0.212971	216.758696	4.449592	4.7674199999999995	
HD 213885 b	1.748604	0.056045	0.056045	8.82926184	0.6610822399999999	0.6515474	2128.0
HD 219134 b	1.6028869999999997	0.056045	0.056045	4.7388154799999995	0.19069679999999997	0.19069679999999997	1015.0
HD 219134 c	1.513215	0.044836	0.044836	4.36060016	0.21930131999999997	0.21930131999999997	782.0
HD 219666 b	4.70778	0.16813499999999998	0.16813499999999998	16.60015644	1.2999165199999998	1.2999165199999998	1073.0
HD 221416 b	9.370724	0.347479	0.313852	60.387319999999995	5.720903999999999	5.720903999999999	
HD 23472 b	1.995202	0.11209	0.10088099999999998	8.32073704	0.7786785999999999	0.7913917199999999	543.0
HD 23472 c	1.871903	0.12329899999999999	0.11209	3.41029444	0.8803835599999998	0.8104614	467.0
HD 260655 b	1.244199	0.022418	0.022418	2.13898244	0.34007595999999995	0.34007595999999995	709.0
HD 260655 c	1.535633	0.056045	0.044836	3.0892881599999997	0.47992028	0.47992028	557.0
HD 2685 b	16.14096	0.56045	0.56045	371.85875999999996	38.139359999999996	38.139359999999996	2061.0
HD 3167 b	1.6253049999999998	0.078463	0.056045	4.72928064	0.27968864	0.28922348	1777.0
HD 3167 c	2.925549	0.10088099999999998	0.11209	10.66948596	0.84860076	0.8104614	565.0
HD 332231 b	9.718202999999999	0.302643	0.280225	77.55003199999999	6.6743879999999995	6.6743879999999995	876.0
HD 42813 b	3.407536	0.044836	0.044836	9.099415639999998	0.8199962399999999	0.7913917199999999	716.0
HIP 29442 c	1.546842	0.044836	0.044836	4.50044448	0.32100628	0.32100628	1123.0
HIP 29442 d	1.535633	0.044836	0.044836	5.13927876	0.40999811999999997	0.40999811999999997	920.0
HD 5278 b	2.454771	0.044836	0.044836	7.799499119999999	1.50014816	1.3984432	943.0
HD 63935 b	2.992803	0.134508	0.134508	10.79979544	1.7989064799999999	1.7989064799999999	911.0
HD 63935 c	2.903131	0.134508	0.134508	11.09855376	2.3996014	2.3996014	684.0
HD 73583 c	2.387517	0.10088099999999998	0.089672	9.700110559999999	1.7989064799999999	1.7003797999999999	498.0
HD 77946 b	2.7013689999999997	0.089672	0.078463	8.38112436	1.3189861999999999	1.3189861999999999	
HD 80606 b	10.98482	0.33626999999999996	0.33626999999999996	1252.2423199999998	34.961079999999995	34.961079999999995	
HD 80653 b	1.6140959999999998	0.067254	0.067254	5.720903999999999	0.35914563999999993	0.3496108	2463.0
HD 86226 c	2.163337	0.078463	0.078463	7.249656679999999	1.18867672	1.11875456	1311.0
HD 88986 b	2.488398	0.179344	0.179344	17.200851359999998	4.00145452	3.8012228799999996	460.0
HD 89345 b	7.39794	0.313852	0.33626999999999996	34.961079999999995	5.4030759999999995	5.720903999999999	1089.0
HD 93963 A c	3.2281919999999995	0.056045	0.056045	19.19998948	4.099981199999999	4.099981199999999	1344.0
HD 95338 b	3.8895229999999996	0.190553	0.20176199999999997	42.43957284	2.21843944	2.0785951199999997	385.0
HD 97658 b	2.1185009999999997	0.056045	0.056045	8.29848908	1.0996848799999999	1.0996848799999999	751.0
HIP 116454 b	2.46598	0.10088099999999998	0.089672	9.700110559999999	1.2013898399999998	1.2013898399999998	753.2
HIP 8152 b	2.555652	0.190553	0.190553	7.799499119999999	1.7989064799999999	1.7989064799999999	855.0
HIP 8152 c	2.477189	0.190553	0.190553	9.40135224	2.1993697599999997	2.1993697599999997	699.0
HIP 9618 b	3.755015	0.134508	0.134508	8.400194039999999	1.9991381199999998	1.9991381199999998	685.0
HIP 97166 b	2.7349959999999998	0.134508	0.134508	20.00091604	1.50014816	1.50014816	757.0
K2-110 b	2.589279	0.10088099999999998	0.10088099999999998	15.900934839999998	2.7015379999999998	2.7015379999999998	638.0
K2-111 b	1.815858	0.11209	0.089672	5.581059679999999	0.7405392399999999	0.7310043999999999	1309.0
K2-114 b	10.592505	0.325061	0.313852	638.8342799999999	38.139359999999996	38.139359999999996	701.4
K2-115 b	11.803076999999998	0.33626999999999996	0.313852	321.00628	69.92215999999999	73.10043999999999	696.0
K2-131 b	1.692559	0.089672	0.056045	7.901204079999999	1.2999165199999998	1.2999165199999998	2223.0
K2-132 b	12.206601	0.067254	0.067254	157.32485999999997	2.1612303999999996	2.0023163999999998	1586.0
K2-136 c	3.004012	0.134508	0.134508	18.100304599999998	1.9006114399999998	1.7989064799999999	470.0
K2-138 c	2.2978449999999997	0.12329899999999999	0.089672	6.3088858	1.1314676799999999	1.22999436	
K2-138 d	2.387517	0.10088099999999998	0.078463	7.92027376	1.3889083599999998	1.3507689999999999	
K2-138 e	3.385118	0.156926	0.11209	12.970560679999998	1.98006844	1.9896032799999999	
K2-139 b	9.056872	0.381106	0.36989700000000003	122.99943599999999	26.379724	23.837099999999996	565.0
K2-140 b	13.56289	1.00881	1.00881	295.58004	12.71312	12.71312	962.0
K2-141 b	1.513215	0.044836	0.044836	4.97082992	0.3496108	0.34007595999999995	2103.0
K2-146 b	2.051247	0.056045	0.056045	5.77175648	0.07627872	0.07627872	
K2-146 c	2.185755	0.067254	0.067254	7.49438424	0.09852667999999999	0.09852667999999999	
K2-161 b	9.41556	0.12329899999999999	0.12329899999999999	56.891211999999996	6.35656	6.35656	1066.0
K2-167 b	2.2978449999999997	0.212971	0.134508	6.499582599999999	1.5986748399999997	1.50014816	1174.0
K2-180 b	2.46598	0.11209	0.10088099999999998	11.4100252	2.3837099999999998	2.1612303999999996	797.5
K2-182 b	2.6901599999999997	0.067254	0.044836	20.00091604	4.99943444	4.99943444	969.0
K2-19 b	6.994416	0.20176199999999997	0.20176199999999997	32.39938632	1.7003797999999999	1.7003797999999999	
K2-19 c	4.102494	0.20176199999999997	0.20176199999999997	10.79979544	0.6006949199999999	0.6006949199999999	
K2-199 c	2.847086	0.10088099999999998	0.089672	12.39847028	2.30107472	2.30107472	694.0
K2-216 b	1.748604	0.16813499999999998	0.10088099999999998	7.999730759999999	1.5986748399999997	1.5986748399999997	1103.0
K2-222 b	2.35389	0.078463	0.067254	8.698952359999998	1.7003797999999999	1.7003797999999999	871.0
K2-229 b	1.1657359999999999	0.067254	0.044836	2.5902981999999994	0.4290678	0.4290678	1960.0
K2-232 b	11.859122000000001	0.257807	0.24659799999999998	122.99943599999999	13.984431999999998	13.348775999999999	1001.0
K2-237 b	16.062497	0.627704	0.549241	434.153048	34.961079999999995	29.240175999999998	1759.0
K2-24 b	5.402737999999999	0.20176199999999997	0.20176199999999997	18.999757839999997	2.1993697599999997	2.1008430799999998	
K2-24 c	7.498821	0.302643	0.302643	15.398766599999998	1.9006114399999998	1.7989064799999999	
K2-25 b	3.429954	0.12329899999999999	0.12329899999999999	24.50136052	5.69865604	5.199666079999999	494.0
K2-260 b	18.416387	0.650122	0.8182569999999999	546.6641599999999	108.06152	111.23979999999999	2090.0
K2-261 b	9.269843	0.36989700000000003	0.33626999999999996	68.96867599999999	7.9456999999999995	9.217012	1036.0
K2-263 b	2.409935	0.12329899999999999	0.12329899999999999	14.899776639999999	2.1008430799999998	2.1008430799999998	470.0
K2-265 b	1.703768	0.11209	0.078463	7.341826799999999	1.4302259999999998	1.3984432	1366.0
K2-27 b	4.4836	0.23538900000000001	0.23538900000000001	30.89923816	4.59897116	4.59897116	902.0
K2-280 b	7.498821	0.437151	0.437151	37.100062439999995	5.6001293599999995	5.6001293599999995	787.0
K2-285 b	2.589279	0.056045	0.056045	9.68104088	1.21092468	1.3698386799999998	1088.9
K2-285 c	3.5308349999999997	0.078463	0.078463	15.678455239999998	2.27882676	2.1294475999999998	741.4
K2-287 b	9.494022999999999	0.14571699999999999	0.14571699999999999	100.11582	8.581356	8.581356	804.0
K2-29 b	11.209	0.7958389999999999	0.751003	194.82856399999997	8.581356	8.263527999999999	1076.0
K2-290 c	11.276254	0.56045	0.56045	245.99887199999998	14.937916	14.937916	676.0
K2-291 b	1.5916779999999997	0.089672	0.067254	6.4900477599999995	1.1600721999999999	1.1600721999999999	
K2-292 b	2.634115	0.11209	0.10088099999999998	24.50136052	4.3987395199999995	4.3987395199999995	795.0
K2-295 b	10.054473	0.12329899999999999	0.056045	106.47238	19.705336	19.705336	852.0
K2-30 b	11.646150999999998	0.56045	0.5716589999999999	184.02241199999997	8.899184	8.581356	1092.0
K2-32 b	5.301856999999999	0.190553	0.190553	15.001481599999998	1.7989064799999999	1.7003797999999999	837.0
K2-329 b	8.675766	0.29143399999999997	0.269016	82.63528	6.35656	6.992215999999999	650.0
K2-34 b	15.132150000000001	0.751003	0.751003	559.3772799999999	41.31764	41.31764	1742.0
K2-38 b	1.6589319999999999	0.10088099999999998	0.10088099999999998	7.70097244	1.2013898399999998	1.0996848799999999	1310.0
K2-419 A b	10.547668999999999	0.381106	0.381106	196.099876	14.937916	14.937916	377.0
K2-55 b	4.4096206	0.3194565	0.280225	43.12925959999999	5.9751664	5.7844695999999995	900.0
K2-60 b	7.655747000000001	0.41473299999999996	0.41473299999999996	135.394728	11.759635999999999	11.759635999999999	1400.0
K2-99 b	14.45961	0.56045	0.56045	308.29315999999994	28.604519999999997	28.604519999999997	
KELT-1 b	12.44199	0.358688	0.24659799999999998	8654.45644	158.914	152.55743999999999	
KELT-10 b	15.681391	0.773421	0.549241	215.805212	12.395292	12.077463999999999	1377.0
KELT-11 b	15.132150000000001	1.1209	1.1209	54.348588	4.7674199999999995	4.7674199999999995	
KELT-14 b	17.037679999999998	1.3450799999999998	1.23299	380.12228799999997	22.883615999999996	22.883615999999996	1904.0
KELT-15 b	16.174587	1.23299	0.638913	289.22348	66.74387999999999	69.92215999999999	1642.0
KELT-16 b	15.860735	0.9415560000000001	0.751003	874.0269999999999	50.85248	47.67419999999999	2453.0
KELT-17 b	17.093725	0.728585	0.6725399999999999	416.35468	88.99184	92.17011999999998	2087.0
KELT-18 b	17.59813	0.47077800000000003	0.40352399999999994	375.03703999999993	34.961079999999995	34.961079999999995	2085.0
KELT-2 A b	14.414774	0.728585	0.5268229999999999	483.73421599999995	24.790584	24.472755999999997	
KELT-23 A b	14.829507	0.280225	0.280225	298.122664	15.255744	13.984431999999998	1561.0
KELT-24 b	12.711005999999998	0.302643	0.29143399999999997	1458.8305199999998	57.209039999999995	57.209039999999995	1391.0
KELT-3 b	15.076105	0.8070479999999999	0.8070479999999999	469.431956	20.976648	20.340992	1816.0
KELT-4 A b	19.044091	0.515614	0.504405	286.680856	19.069679999999998	18.751851999999996	1823.0
KELT-7 b	17.183397	0.515614	0.5268229999999999	406.81984	57.209039999999995	57.209039999999995	2048.0
KOI-13 b	15.759853999999999	0.425942	0.425942	2070.6494199999997	500.5790999999999	500.5790999999999	
KOI-142 b	3.441163	0.078463	0.078463	9.534839999999999	1.1441807999999998	1.1441807999999998	
KOI-3680 b	11.09691	0.6725399999999999	0.78463	613.4080399999999	60.387319999999995	66.74387999999999	347.0
KOI-94 e	6.3095460999999995	0.2734996	0.2947967	12.999165199999998	2.50130636	2.1008430799999998	
Kepler-10 b	1.468379	0.033627	0.022418	3.26091528	0.29875831999999997	0.29875831999999997	2188.0
Kepler-10 c	2.35389	0.022418	0.022418	11.40049036	1.2999165199999998	1.2999165199999998	578.0
Kepler-105 b	2.533234	0.067254	0.067254	10.79979544	2.30107472	2.30107472	
Kepler-105 c	1.434752	0.044836	0.044836	5.6001293599999995	1.2013898399999998	1.2013898399999998	
Kepler-107 c	1.5916779999999997	0.022418	0.022418	9.99886888	1.9991381199999998	1.9991381199999998	1378.0
Kepler-107 e	2.903131	0.033627	0.033627	14.098850079999998	3.29905464	3.29905464	955.0
Kepler-11 d	3.2954459999999997	0.20176199999999997	0.20176199999999997	6.8015191999999995	0.6992216	0.80092656	
Kepler-11 e	4.001613	0.20176199999999997	0.302643	6.69981424	1.2013898399999998	1.0011581999999999	
Kepler-111 c	7.0840879999999995	0.257807	0.23538900000000001	222.47959999999998	44.49592	41.31764	352.2
Kepler-117 c	12.341109	0.392315	0.392315	584.8035199999999	57.209039999999995	57.209039999999995	704.0
Kepler-12 b	19.122553999999997	0.78463	0.437151	136.66603999999998	16.844883999999997	13.984431999999998	1485.0
Kepler-128 b	1.423543	0.044836	0.044836	3.7885097599999997	0.75960892	0.6610822399999999	
Kepler-128 c	1.524424	0.044836	0.044836	3.3785116399999997	0.6706170799999999	0.59116008	
Kepler-14 b	12.621334	0.56045	0.56045	2440.9190399999998	123.95291999999999	123.95291999999999	1605.0
Kepler-15 b	10.760639999999999	0.6725399999999999	0.78463	201.18512399999997	14.620087999999999	14.302259999999999	
Kepler-1514 b	12.419572	0.257807	0.257807	1678.13184	69.92215999999999	69.92215999999999	387.9
Kepler-16 b	8.451585999999999	0.033627	0.033627	105.836724	5.085248	5.085248	
Kepler-1658 b	11.99363	0.56045	0.56045	1868.8286399999997	149.37915999999998	146.20087999999998	
Kepler-167 e	10.155353999999999	0.41473299999999996	0.41473299999999996	321.00628	50.85248	47.67419999999999	134.4
Kepler-17 b	14.68379	0.269016	0.762212	743.7175199999999	28.286691999999995	77.86786	1712.0
Kepler-1704 b	11.948794	0.49319599999999997	0.47077800000000003	1322.16448	92.17011999999998	88.99184	253.8
Kepler-1705 b	2.028829	0.12329899999999999	0.134508	4.468661679999999	0.47992028	0.4290678	
Kepler-1705 c	2.051247	0.134508	0.14571699999999999	5.4189674	0.61022976	0.5689121199999999	
Kepler-18 d	5.996815	0.40352399999999994	0.40352399999999994	14.899776639999999	1.7989064799999999	4.198507879999999	
Kepler-19 b	2.208173	0.044836	0.044836	8.400194039999999	1.5986748399999997	1.50014816	
Kepler-20 b	1.7710219999999999	0.056045	0.033627	9.700110559999999	1.2999165199999998	1.2999165199999998	1187.0
Kepler-20 c	2.891922	0.033627	0.033627	11.09855376	2.1008430799999998	2.1008430799999998	828.0
Kepler-21 b	1.6365139999999998	0.022418	0.011209	7.500740799999999	1.2999165199999998	1.2999165199999998	2015.0
Kepler-23 b	1.6365139999999998	0.044836	0.044836	2.5585153999999997	0.4290678	0.40046328	
Kepler-23 c	3.004012	0.078463	0.078463	7.80903396	1.3189861999999999	1.2013898399999998	
Kepler-24 b	2.342681	0.089672	0.089672	11.139871399999999	2.25022224	1.9292159599999998	
Kepler-24 c	2.510816	0.10088099999999998	0.10088099999999998	9.98933404	2.0086729599999997	1.6590621599999997	
Kepler-25 c	5.212185	0.067254	0.067254	15.223961199999998	1.3030948	1.6209228	
Kepler-26 b	3.2169829999999995	0.14571699999999999	0.14571699999999999	4.850055279999999	0.43860263999999993	0.41953295999999995	
Kepler-26 c	3.104893	0.134508	0.134508	7.478492839999999	0.4894551199999999	0.47992028	
Kepler-289 c	11.590106	0.190553	0.190553	133.48775999999998	15.891399999999999	15.891399999999999	
Kepler-30 c	13.103321	0.89672	0.7958389999999999	527.69618496	35.199450999999996	9.700110559999999	
Kepler-34 b	8.563676	0.134508	0.156926	69.92215999999999	3.4961079999999995	3.17828	
Kepler-35 b	8.160152	0.156926	0.156926	40.364155999999994	6.35656	6.35656	
Kepler-36 b	1.502006	0.10088099999999998	0.10088099999999998	3.8997495599999996	0.20023164	0.20023164	
Kepler-36 c	3.7998510000000003	0.20176199999999997	0.20176199999999997	7.500740799999999	0.29875831999999997	0.29875831999999997	
Kepler-39 b	12.240228	0.874302	0.874302	5689.121199999999	572.0903999999999	572.0903999999999	851.0
Kepler-4 b	4.001613	0.212971	0.212971	24.472755999999997	3.813936	3.813936	1650.0
Kepler-40 b	16.14096	1.23299	1.23299	657.9039599999999	104.88324	104.88324	
Kepler-41 b	9.550068	0.7958389999999999	0.347479	156.689204	22.883615999999996	22.24796	1554.0
Kepler-411 b	2.398726	0.056045	0.056045	25.601045399999997	2.5998330399999996	2.5998330399999996	1138.0
Kepler-411 c	4.416346	0.067254	0.067254	26.398793679999997	5.89888768	5.89888768	838.0
Kepler-412 b	14.851925	0.48198699999999994	0.48198699999999994	294.626556	24.154927999999998	22.565787999999998	
Kepler-423 b	13.361127999999999	0.5828679999999999	0.5828679999999999	189.10765999999998	25.744068	25.744068	1605.0
Kepler-424 b	9.97601	0.89672	0.6725399999999999	327.36284	41.31764	41.31764	
Kepler-425 b	10.962401999999999	0.24659799999999998	0.24659799999999998	71.829128	14.620087999999999	14.620087999999999	
Kepler-426 b	12.21781	0.33626999999999996	0.33626999999999996	107.108036	18.434024	19.069679999999998	
Kepler-428 b	12.10572	0.33626999999999996	0.33626999999999996	403.64155999999997	60.387319999999995	60.387319999999995	1070.0
Kepler-43 b	12.55408	0.5268229999999999	0.5268229999999999	963.0188399999998	57.209039999999995	57.209039999999995	
Kepler-432 b	12.834305	0.40352399999999994	0.437151	182.75109999999998	7.9456999999999995	7.3100439999999995	
Kepler-44 b	12.21781	0.78463	0.78463	311.789268	31.782799999999998	30.829316	
Kepler-45 b	11.197791	0.773421	0.773421	158.914	19.387507999999997	19.387507999999997	787.0
Kepler-454 b	2.365099	0.134508	0.134508	6.83965856	1.3984432	1.3984432	
Kepler-49 b	2.57807	0.089672	0.089672	9.77003272	0.9407708799999999	0.9503057199999999	
Kepler-49 c	2.443562	0.078463	0.078463	8.38112436	0.91852292	0.8899183999999999	
Kepler-5 b	13.56289	0.392315	0.33626999999999996	648.36912	15.255744	13.030947999999999	1692.0
Kepler-538 b	2.219382	0.044836	0.033627	10.599563799999999	2.50130636	2.3996014	380.0
Kepler-54 b	1.860694	0.056045	0.056045	3.0892881599999997	0.29875831999999997	0.31147144	
Kepler-54 c	1.692559	0.056045	0.056045	2.1008430799999998	0.20023164	0.20976647999999998	
Kepler-553 c	11.578897	0.358688	0.280225	2129.4476	139.84431999999998	136.66603999999998	251.0
Kepler-56 b	6.512428999999999	0.29143399999999997	0.280225	22.24796	3.813936	3.4961079999999995	
Kepler-56 c	9.796666	0.459569	0.459569	181.16195999999997	20.976648	19.069679999999998	
Kepler-57 b	3.13852	0.089672	0.089672	25.0607378	5.1615267199999995	4.9104426	
Kepler-57 c	2.196964	0.067254	0.067254	6.858728239999999	1.51921784	1.4302259999999998	
Kepler-6 b	13.103321	0.627704	0.29143399999999997	201.18512399999997	19.387507999999997	10.806151999999999	1451.0
Kepler-60 b	1.8943210000000001	0.067254	0.056045	5.260053399999999	0.45131575999999995	0.43860263999999993	
Kepler-60 c	2.051247	0.067254	0.067254	3.83936224	0.39092843999999993	0.40046328	
Kepler-60 d	2.510816	0.089672	0.089672	4.3987395199999995	0.43860263999999993	0.43860263999999993	
Kepler-65 d	1.5916779999999997	0.044836	0.033627	4.1317639999999995	0.79457	0.79457	
Kepler-68 b	2.35389	0.022418	0.022418	8.03151356	0.6706170799999999	0.6706170799999999	1275.0
Kepler-7 b	17.956818000000002	0.851884	0.851884	135.0769	14.937916	14.937916	1621.0
Kepler-74 b	10.760639999999999	0.22418	0.22418	191.968112	27.968863999999996	29.875832	
Kepler-75 b	11.54527	0.6725399999999999	0.6725399999999999	3146.4972	158.914	158.914	850.0
Kepler-76 b	14.01125	0.89672	0.89672	635.656	82.63528	82.63528	
Kepler-77 b	10.760639999999999	0.179344	0.179344	136.66603999999998	10.170496	10.170496	1440.0
Kepler-78 b	1.199363	0.089672	0.089672	1.8688286399999998	0.27015379999999994	0.26061895999999996	
Kepler-8 b	15.905571	0.627704	0.650122	177.98368	44.49592	41.31764	
Kepler-80 d	1.300244	0.10088099999999998	0.10088099999999998	3.6995179199999995	0.80092656	0.6006949199999999	
Kepler-849 b	8.081688999999999	0.302643	0.325061	298.75831999999997	63.565599999999996	63.565599999999996	362.7
Kepler-87 b	13.495636	0.549241	0.549241	324.18456	8.899184	8.899184	478.0
Kepler-9 b	8.29466	0.538032	0.425942	43.3994134	1.5986748399999997	1.9991381199999998	
Kepler-9 c	8.081688999999999	0.538032	0.41473299999999996	29.901258239999997	1.0996848799999999	1.2999165199999998	
Kepler-91 b	15.692599999999999	0.44836	0.44836	209.76648	19.069679999999998	19.069679999999998	
Kepler-93 b	1.4795880000000001	0.022418	0.022418	4.65935848	0.53077276	0.53077276	1133.0
L 168-9 b	1.389916	0.089672	0.089672	4.59897116	0.55937728	0.55937728	965.0
L 98-59 c	1.389916	0.089672	0.078463	2.21843944	0.26061895999999996	0.25108411999999997	553.0
L 98-59 d	1.524424	0.12329899999999999	0.10088099999999998	1.9387508	0.27968864	0.27968864	416.0
LHS 1140 b	1.726186	0.022418	0.022418	5.6001293599999995	0.19069679999999997	0.19069679999999997	226.0
LHS 1140 c	1.266617	0.022418	0.022418	1.9101462799999998	0.06038732	0.06038732	422.0
LHS 1478 b	1.244199	0.056045	0.044836	2.32967924	0.20023164	0.20023164	595.0
LP 714-47 b	4.696571	0.302643	0.302643	30.800711479999997	1.50014816	1.50014816	700.0
LTT 1445 A b	1.300244	0.067254	0.056045	2.8699868399999997	0.26061895999999996	0.25108411999999997	424.0
LTT 1445 A c	1.1433179999999998	0.056045	0.056045	1.5414657999999999	0.20023164	0.19069679999999997	508.0
LTT 3780 b	1.3226619999999998	0.056045	0.056045	2.45998872	0.19069679999999997	0.19069679999999997	903.0
LTT 3780 c	2.387517	0.10088099999999998	0.11209	8.0410484	0.49898995999999995	0.47992028	359.0
LTT 9779 b	4.718989	0.23538900000000001	0.23538900000000001	29.319632999999996	0.7786785999999999	0.8104614	1978.0
Lupus-TR-3 b	9.97601	0.78463	0.78463	257.44068	57.209039999999995	57.209039999999995	
NGTS-11 b	9.157753	0.313852	0.358688	109.33283199999998	29.240175999999998	23.201443999999995	435.0
NGTS-12 b	11.747032	0.358688	0.358688	66.10822399999999	6.992215999999999	6.992215999999999	1257.0
NGTS-13 b	12.800677999999998	0.515614	0.515614	1538.2875199999999	139.84431999999998	139.84431999999998	1605.0
NGTS-14 A b	4.976796	0.33626999999999996	0.33626999999999996	29.240175999999998	3.813936	3.813936	1143.0
NGTS-2 b	17.878355	0.5268229999999999	0.504405	235.19271999999998	41.31764	38.139359999999996	1468.0
NGTS-20 b	11.99363	0.44836	0.44836	947.1274399999999	50.85248	47.67419999999999	688.0
NGTS-21 b	14.90797	0.33626999999999996	0.33626999999999996	750.0740799999999	66.74387999999999	66.74387999999999	1357.0
NGTS-23 b	14.201802999999998	0.33626999999999996	0.33626999999999996	194.82856399999997	30.829316	30.829316	1327.0
NGTS-24 b	13.607726	0.650122	0.694958	165.27056	38.139359999999996	34.961079999999995	1499.0
NGTS-25 b	11.466807	0.392315	0.5828679999999999	203.09209199999998	18.434024	16.527055999999998	1101.0
NGTS-26 b	14.885552	0.6613309999999999	0.538032	92.80577599999998	20.65882	19.069679999999998	1331.0
NGTS-27 b	15.647763999999999	0.425942	0.392315	188.47200399999997	30.193659999999998	22.883615999999996	1783.0
NGTS-30 b	10.401952	0.358688	0.358688	305.11487999999997	17.798368	17.798368	500.0
NGTS-33 b	18.382759999999998	0.78463	0.78463	1153.71564	85.81356	85.81356	1991.0
NGTS-5 b	12.733423999999998	0.257807	0.257807	72.782612	11.759635999999999	11.759635999999999	952.0
NGTS-6 b	14.863134	1.087273	1.255408	425.5716919999999	8.899184	8.899184	1283.9
NGTS-8 b	12.21781	0.33626999999999996	0.33626999999999996	295.58004	12.71312	9.534839999999999	1345.0
NGTS-9 b	11.99363	0.6725399999999999	0.6725399999999999	921.7011999999999	54.03076	54.03076	1448.0
OGLE-TR-10 b	13.89916	1.00881	1.00881	181.16195999999997	38.139359999999996	38.139359999999996	
OGLE-TR-111 b	11.960002999999999	0.605286	0.605286	165.27056	41.31764	41.31764	
OGLE-TR-113 b	12.251437	0.313852	0.24659799999999998	432.24608	50.85248	47.67419999999999	
OGLE-TR-132 b	16.028869999999998	1.1209	1.1209	378.21531999999996	41.31764	41.31764	
PH2 b	9.337097	0.29143399999999997	0.269016	87.084872	20.976648	21.294476	295.1
Qatar-1 b	13.047275999999998	0.504405	0.504405	346.43252	26.697551999999998	25.744068	
Qatar-10 b	17.295486999999998	0.44836	0.44836	233.92140799999999	28.604519999999997	28.604519999999997	1955.0
Qatar-2 b	12.498035	0.14571699999999999	0.14571699999999999	783.763848	19.705336	19.705336	1285.0
Qatar-5 b	12.408363	0.717376	0.717376	1373.01696	57.209039999999995	57.209039999999995	1415.0
Qatar-6 b	11.903958	0.7958389999999999	0.7958389999999999	212.309104	20.976648	20.976648	1006.0
Qatar-7 b	19.0553	0.33626999999999996	0.33626999999999996	597.5166399999999	79.457	79.457	2053.0
Qatar-8 b	14.403564999999999	0.24659799999999998	0.24659799999999998	117.914188	19.705336	19.705336	1457.0
Qatar-9 b	11.309880999999999	0.156926	0.156926	378.21531999999996	50.85248	50.85248	1134.0
TIC 139270665 b	7.229805	0.269016	0.24659799999999998	147.154364	14.620087999999999	14.620087999999999	703.0
TIC 172900988 Aa b	11.298672	0.40352399999999994	0.40352399999999994	837.000038	4.70067612	4.70067612	
TIC 237913194 b	12.520453	0.605286	0.5268229999999999	617.2219759999999	29.240175999999998	28.922347999999996	974.0
TIC 241249530 b	13.293873999999999	0.41473299999999996	0.44836	1582.78344	50.85248	57.209039999999995	
TIC 257060897 b	16.70141	0.44836	0.44836	212.94476	9.534839999999999	9.534839999999999	1762.0
TIC 279401253 b	11.209	0.44836	0.44836	1951.4639199999997	123.95291999999999	133.48775999999998	
TIC 393818343 b	12.184182999999999	0.257807	0.23538900000000001	1379.3735199999999	47.67419999999999	47.67419999999999	805.5
TIC 46432937 b	13.316291999999999	0.33626999999999996	0.33626999999999996	1017.0495999999999	34.961079999999995	34.961079999999995	872.0
TIC 4672985 b	11.500434	0.751003	0.728585	4049.1287199999997	321.00628	321.00628	517.2
TOI-1062 b	2.264218	0.10088099999999998	0.089672	10.15142632	0.8104614	0.8390659199999999	1077.0
TOI-1064 b	2.589279	0.044836	0.044836	13.501333439999998	1.7003797999999999	1.7989064799999999	784.0
TOI-1075 b	1.79344	0.11209	0.078463	9.951194679999999	1.3603038399999998	1.2999165199999998	1323.0
TOI-1107 b	14.5717	0.56045	0.56045	1064.7238	57.209039999999995	57.209039999999995	1728.0
TOI-1130 b	3.665343	0.033627	0.044836	19.800684399999998	0.20023164	0.29875831999999997	825.0
TOI-1130 c	13.002439999999998	0.40352399999999994	0.40352399999999994	335.99822675999997	1.9991381199999998	4.99943444	650.0
TOI-1173 b	9.191379999999999	0.179344	0.179344	27.399951879999996	1.7003797999999999	1.7003797999999999	868.0
TOI-1181 b	17.026470999999997	0.6613309999999999	0.6613309999999999	374.71921199999997	7.3100439999999995	7.3100439999999995	
TOI-1194 b	8.597303	0.504405	0.459569	144.929568	17.480539999999998	16.209227999999996	1391.0
TOI-1199 b	10.514042	0.280225	0.280225	75.96089199999999	6.35656	6.35656	1486.0
TOI-1201 b	2.409935	0.089672	0.089672	6.28028128	0.8390659199999999	0.8803835599999998	703.0
TOI-1231 b	3.654134	0.156926	0.14571699999999999	15.398766599999998	3.29905464	3.29905464	329.6
TOI-1235 b	1.692559	0.078463	0.078463	5.89888768	0.6197645999999999	0.61022976	775.0
TOI-1246 b	3.015221	0.056045	0.056045	8.10143572	1.0996848799999999	1.0996848799999999	955.0
TOI-1246 c	2.510816	0.078463	0.078463	8.80065732	1.2013898399999998	1.2013898399999998	860.0
TOI-1246 e	3.7774330000000003	0.156926	0.156926	14.801249959999998	2.30107472	2.30107472	462.0
TOI-125 b	2.7237869999999997	0.078463	0.078463	9.499878919999999	0.8803835599999998	0.8803835599999998	1037.0
TOI-125 c	2.757414	0.10088099999999998	0.10088099999999998	6.629892079999999	0.9884450799999999	0.9884450799999999	827.8
TOI-125 d	2.925549	0.16813499999999998	0.16813499999999998	13.599860119999999	1.2013898399999998	1.2013898399999998	638.1
TOI-1259 A b	11.455598	0.33626999999999996	0.302643	140.162148	15.573571999999999	14.937916	963.0
TOI-1260 b	2.409935	0.044836	0.044836	8.559108039999998	1.5414657999999999	1.5414657999999999	871.0
TOI-1266 b	2.622906	0.11209	0.11209	4.2302906799999995	0.68968676	0.68968676	425.0
TOI-1268 b	9.101708	0.605286	0.605286	96.40041068	8.199962399999999	8.29848908	918.9
TOI-1272 b	4.136121	0.212971	0.212971	24.599887199999998	2.30107472	2.30107472	961.0
TOI-1288 b	5.234603	0.089672	0.089672	42.00097019999999	3.00029632	3.00029632	1266.0
TOI-1295 b	15.692599999999999	0.89672	0.89672	451.31575999999995	25.42624	25.42624	2360.0
TOI-1296 b	13.798279	0.347479	0.347479	94.71274399999999	12.395292	12.395292	1562.0
TOI-1298 b	9.426769	0.23538900000000001	0.23538900000000001	113.14676799999998	10.170496	10.170496	1388.0
TOI-132 b	3.418745	0.134508	0.134508	22.400517439999998	1.9006114399999998	1.91968112	1395.0
TOI-1333 b	15.647763999999999	0.627704	0.605286	753.25236	76.27871999999999	76.27871999999999	1679.0
TOI-1347 b	1.804649	0.10088099999999998	0.10088099999999998	11.09855376	1.2013898399999998	1.2013898399999998	1400.0
TOI-1386 b	6.05286	0.20176199999999997	0.179344	47.038543999999995	6.0387319999999995	5.720903999999999	676.4
TOI-1416 b	1.6253049999999998	0.078463	0.078463	3.4802165999999994	0.47038543999999993	0.47038543999999993	1517.0
TOI-1420 b	11.892748999999998	0.325061	0.325061	25.098877159999997	3.8012228799999996	3.8012228799999996	957.0
TOI-1422 b	3.9567769999999998	0.134508	0.11209	9.00088896	2.30107472	1.9991381199999998	867.0
TOI-1431 b	16.70141	0.56045	0.56045	991.6233599999999	57.209039999999995	57.209039999999995	2370.0
TOI-1444 b	1.401125	0.067254	0.067254	3.8711450399999996	0.70875644	0.70875644	
TOI-1450 A b	1.132109	0.044836	0.044836	1.2585988799999999	0.1271312	0.1271312	722.0
TOI-1468 b	1.277826	0.033627	0.033627	3.2100627999999998	0.24154928	0.24154928	682.2
TOI-1468 c	2.062456	0.044836	0.044836	6.639426919999999	0.6706170799999999	0.6801519199999999	337.5
TOI-1470 b	2.174546	0.044836	0.044836	7.319578839999999	1.21092468	1.2395291999999998	734.0
TOI-1478 b	11.88154	0.44836	0.437151	270.47162799999995	16.527055999999998	14.937916	918.0
TOI-150.01	14.067294999999998	0.23538900000000001	0.212971	797.7482799999999	38.139359999999996	38.139359999999996	1404.5
TOI-1516 b	15.244240000000001	0.33626999999999996	0.33626999999999996	1004.3364799999999	38.139359999999996	38.139359999999996	
TOI-157 b	14.414774	0.257807	0.22418	375.03703999999993	41.31764	38.139359999999996	1588.0
TOI-1601 b	13.887951000000001	0.515614	0.437151	314.64971999999995	34.961079999999995	34.961079999999995	1619.0
TOI-163 b	16.690201000000002	0.381106	0.381106	387.75015999999994	38.139359999999996	38.139359999999996	1669.0
TOI-1634 b	1.7710219999999999	0.078463	0.078463	7.57066296	0.70875644	0.72146956	
TOI-1670 c	11.063283	0.280225	0.280225	200.23164	28.604519999999997	25.42624	684.0
TOI-1685 b	1.468379	0.044836	0.056045	3.02890084	0.33054111999999997	0.32100628	1062.0
TOI-169 b	12.172974	0.907929	0.538032	251.401948	20.340992	19.069679999999998	1715.0
TOI-1695 b	1.9055300000000002	0.156926	0.134508	6.359738279999999	1.0011581999999999	1.0011581999999999	698.0
TOI-1710 b	5.15614	0.11209	0.11209	18.434024	4.7674199999999995	4.449592	730.0
TOI-172 b	10.816685	0.358688	0.325061	1722.6277599999999	69.92215999999999	63.565599999999996	1198.0
TOI-1728 b	5.055259	0.156926	0.16813499999999998	26.78018728	5.42850224	5.12974392	767.0
TOI-1736 b	3.048848	0.190553	0.190553	11.899480319999999	1.5986748399999997	1.5986748399999997	1186.0
TOI-1751 b	2.768623	0.14571699999999999	0.067254	14.499313359999999	3.14967548	3.14014064	
TOI-1759 b	3.13852	0.10088099999999998	0.10088099999999998	10.79979544	1.50014816	1.50014816	443.0
TOI-178 c	1.6701409999999999	0.11209	0.10088099999999998	4.77059828	0.5498424399999999	0.6801519199999999	873.0
TOI-178 f	2.2866359999999997	0.11209	0.11209	7.720042119999999	1.6685969999999999	1.51921784	521.0
TOI-1807 b	1.3674979999999999	0.089672	0.089672	2.5712285199999996	0.49898995999999995	0.49898995999999995	
TOI-181 b	7.1065059999999995	0.089672	0.10088099999999998	46.148625599999995	2.7015379999999998	7.627872	895.1
TOI-1811 b	11.141746	0.280225	0.257807	308.928816	24.154927999999998	24.790584	962.2
TOI-1820 b	12.778259999999998	0.22418	0.22418	731.0043999999999	63.565599999999996	63.565599999999996	1375.0
TOI-1842 b	11.65736	0.6725399999999999	0.56045	68.015192	12.71312	12.077463999999999	
TOI-1853 b	3.463581	0.078463	0.078463	73.19896667999998	2.7015379999999998	2.7015379999999998	1479.0
TOI-1899 b	11.09691	0.33626999999999996	0.33626999999999996	212.94476	12.71312	12.71312	378.0
TOI-1937 A b	13.977623000000001	0.6613309999999999	0.694958	638.8342799999999	54.03076	50.85248	2097.0
TOI-199 b	9.07929	0.056045	0.056045	54.03076	6.35656	6.35656	
TOI-1994 b	13.67498	0.919138	0.7958389999999999	7023.9988	826.3528	794.5699999999999	2290.0
TOI-2000 b	2.7013689999999997	0.156926	0.156926	11.028631599999999	2.4472755999999998	2.3837099999999998	1488.0
TOI-2000 c	8.148943	0.313852	0.302643	81.68179599999999	4.7674199999999995	4.449592	1038.0
TOI-201 b	11.298672	0.134508	0.16813499999999998	133.48775999999998	15.891399999999999	9.534839999999999	759.0
TOI-2010 b	11.814286000000001	0.302643	0.302643	408.726808	17.480539999999998	18.116196	400.2
TOI-2018 b	2.264218	0.067254	0.067254	9.2011206	2.1008430799999998	2.1008430799999998	
TOI-2025 b	12.520453	0.10088099999999998	0.10088099999999998	1398.4432	95.34839999999998	95.34839999999998	1167.0
TOI-2046 b	16.14096	1.23299	1.23299	731.0043999999999	88.99184	88.99184	
TOI-2107 b	13.574099	0.392315	0.358688	263.79724	34.961079999999995	34.961079999999995	1397.0
TOI-2109 b	15.098522999999998	0.5268229999999999	0.5268229999999999	1595.4965599999998	238.37099999999998	238.37099999999998	3646.0
TOI-2134 b	2.6901599999999997	0.156926	0.156926	9.131198439999999	0.7786785999999999	0.75960892	666.0
TOI-2134 c	7.274641	0.41473299999999996	0.41473299999999996	41.8897304	7.6914375999999995	7.831281919999999	306.0
TOI-2141 b	3.116102	0.23538900000000001	0.23538900000000001	23.837099999999996	3.813936	3.813936	722.0
TOI-2145 b	11.982420999999999	0.325061	0.313852	1671.7752799999998	120.77463999999999	117.59635999999999	1484.0
TOI-2152 A b	14.358728999999999	0.56045	0.515614	899.4532399999999	120.77463999999999	117.59635999999999	1802.0
TOI-2154 b	16.286677	0.594077	0.538032	292.40175999999997	60.387319999999995	57.209039999999995	1580.0
TOI-2158 b	10.760639999999999	0.134508	0.134508	260.61895999999996	25.42624	25.42624	1188.0
TOI-2180 b	11.32109	0.24659799999999998	0.212971	875.6161399999999	27.651035999999994	25.744068	348.0
TOI-2184 b	11.399553	0.5716589999999999	0.5716589999999999	206.5882	50.85248	50.85248	
TOI-2196 b	3.5084169999999997	0.14571699999999999	0.14571699999999999	26.001508679999997	1.2999165199999998	1.2999165199999998	1860.0
TOI-220 b	3.02643	0.14571699999999999	0.14571699999999999	13.800091759999999	1.0011581999999999	1.0011581999999999	805.0
TOI-2207 b	11.152955	0.313852	0.302643	203.40992	31.782799999999998	38.139359999999996	1259.0
TOI-2338 b	11.209	0.22418	0.22418	1900.61144	66.74387999999999	63.565599999999996	799.0
TOI-2364 b	8.608512	0.257807	0.20176199999999997	71.51129999999999	13.666603999999998	15.573571999999999	1091.0
TOI-2373 b	10.42437	0.22418	0.22418	2955.8004	63.565599999999996	63.565599999999996	860.0
TOI-2374 b	6.815072	0.302643	0.302643	56.640127879999994	3.4897514399999996	4.268430039999999	885.0
TOI-2379 b	11.724614	0.257807	0.257807	1830.6892799999998	63.565599999999996	63.565599999999996	624.0
TOI-238 b	1.401125	0.089672	0.089672	3.4007595999999998	0.46085059999999994	0.46085059999999994	1311.0
TOI-2384 b	11.489225	0.23538900000000001	0.23538900000000001	624.849848	18.751851999999996	18.751851999999996	889.7
TOI-2416 b	9.86392	0.22418	0.22418	953.4839999999999	31.782799999999998	28.604519999999997	1080.0
TOI-2420 b	15.02006	0.8294659999999999	0.8070479999999999	294.626556	27.01538	25.108411999999998	1571.6
TOI-2421 b	10.368325	0.392315	0.381106	105.836724	25.108411999999998	25.108411999999998	1534.0
TOI-2447 b	9.606112999999999	0.134508	0.12329899999999999	124.906404	9.852668	8.581356	414.0
TOI-2458 b	2.824668	0.20176199999999997	0.179344	13.310636639999998	0.9884450799999999	0.95984056	1509.4
TOI-2485 b	12.139346999999999	0.504405	0.504405	766.6011359999999	27.968863999999996	27.651035999999994	1134.0
TOI-2497 b	11.141746	0.616495	0.549241	1531.93096	130.30947999999998	130.30947999999998	1595.0
TOI-2498 b	6.064069	0.29143399999999997	0.269016	34.621004039999995	4.099981199999999	4.09044636	1443.0
TOI-2524 b	11.209	0.22418	0.33626999999999996	203.40992	12.71312	12.71312	1100.0
TOI-2525 b	8.675766	0.11209	0.11209	26.697551999999998	1.58914	1.58914	
TOI-2525 c	10.132936	0.11209	0.11209	208.812996	9.852668	10.170496	
TOI-2529 b	11.54527	0.56045	0.56045	743.7175199999999	62.612116	61.976459999999996	636.0
TOI-2567 b	10.928775	0.347479	0.325061	63.883428	10.806151999999999	9.852668	1352.0
TOI-257 b	7.162551	0.14571699999999999	0.14571699999999999	43.860264	7.3100439999999995	7.3100439999999995	1027.0
TOI-2570 b	13.641353	0.392315	0.381106	260.61895999999996	20.023163999999998	20.65882	1431.0
TOI-2580 b	17.37395	0.56045	0.56045	200.23164	25.42624	25.42624	2410.0
TOI-2583 A b	14.45961	0.44836	0.36989700000000003	79.457	18.434024	17.798368	1456.0
TOI-2587 A b	12.072092999999999	0.47077800000000003	0.44836	69.286504	17.162712	14.620087999999999	1445.0
TOI-2589 b	12.10572	0.33626999999999996	0.33626999999999996	1112.398	31.782799999999998	31.782799999999998	592.0
TOI-269 b	2.768623	0.12329899999999999	0.12329899999999999	8.80065732	1.3984432	1.3984432	531.0
TOI-270 b	1.210572	0.033627	0.033627	1.5796051599999998	0.26061895999999996	0.26061895999999996	581.0
TOI-270 c	2.35389	0.067254	0.067254	6.149971799999999	0.36868048	0.36868048	488.0
TOI-270 d	2.1297099999999998	0.056045	0.056045	4.7801331199999995	0.4290678	0.4290678	387.0
TOI-2714 b	13.719816	0.694958	0.6725399999999999	228.00027235999997	33.00008124	31.998923039999998	1603.0
TOI-2803 A b	18.113744	0.381106	0.358688	309.8823	26.379724	22.24796	1893.0
TOI-2842 b	12.845513999999998	0.5716589999999999	0.538032	117.59635999999999	16.527055999999998	14.937916	1471.0
TOI-286 b	1.423543	0.10088099999999998	0.10088099999999998	4.529049	0.7786785999999999	0.7786785999999999	979.0
TOI-2977 b	13.159365999999999	0.347479	0.302643	533.9510399999999	82.63528	79.457	1544.0
TOI-2981 b	13.394755	0.41473299999999996	0.41473299999999996	637.9983923599999	33.00008124	33.00008124	1358.0
TOI-3023 b	16.432394	0.48198699999999994	0.358688	197.05335999999997	31.782799999999998	28.604519999999997	1596.0
TOI-3071 b	7.162551	0.5716589999999999	0.504405	68.19953224	3.4992862799999997	3.4992862799999997	2155.0
TOI-3235 b	11.399553	0.49319599999999997	0.49319599999999997	211.35562	7.9456999999999995	7.9456999999999995	604.0
TOI-332 b	3.1945649999999994	0.156926	0.11209	57.199505159999994	1.5986748399999997	1.5986748399999997	1871.0
TOI-3321 b	15.558091999999998	0.78463	0.717376	176.07671200000001	24.154927999999998	23.837099999999996	1616.0
TOI-3331 A b	12.980021999999998	0.48198699999999994	0.48198699999999994	721.46956	50.85248	50.85248	1488.0
TOI-3362 b	12.800677999999998	0.48198699999999994	0.459569	1598.357012	212.309104	205.31688799999998	
TOI-3364 b	12.229019	0.425942	0.358688	530.77276	38.139359999999996	41.31764	1264.0
TOI-3568 b	5.413946999999999	0.269016	0.269016	26.379724	0.953484	0.953484	899.0
TOI-3629 b	8.29466	0.156926	0.156926	77.232204	6.35656	6.35656	711.0
TOI-3688 A b	13.080903	0.538032	0.49319599999999997	311.47144	31.782799999999998	34.961079999999995	1534.0
TOI-3693 b	12.598916000000001	0.325061	0.257807	324.18456	76.27871999999999	69.92215999999999	801.0
TOI-3714 b	11.141746	0.22418	0.22418	218.98349199999996	9.534839999999999	9.534839999999999	764.0
TOI-3757 b	12.004838999999999	0.40352399999999994	0.504405	85.29867863999999	8.80065732	8.698952359999998	759.0
TOI-3819 b	13.136947999999999	0.40352399999999994	0.392315	352.78908	57.209039999999995	63.565599999999996	1633.0
TOI-3884 b	6.433965999999999	0.20176199999999997	0.20176199999999997	32.59008312	7.3100439999999995	7.3799661599999995	441.0
TOI-3894 b	15.221822000000001	0.605286	0.5828679999999999	270.1538	47.67419999999999	47.67419999999999	1519.0
TOI-3912 b	14.280266	0.459569	0.44836	129.03816799999998	22.565787999999998	21.612303999999998	1512.0
TOI-3919 b	12.318691	0.5828679999999999	0.56045	1233.1726399999998	73.10043999999999	73.10043999999999	1198.0
TOI-3976 A b	12.273855	0.40352399999999994	0.392315	55.619899999999994	11.759635999999999	11.441807999999998	1295.0
TOI-3984 A b	7.95839	0.22418	0.22418	44.49592	9.534839999999999	9.534839999999999	563.0
TOI-4010 b	3.015221	0.078463	0.078463	11.000027079999999	1.2903816799999999	1.271312	1441.0
TOI-4010 c	5.9295610000000005	0.11209	0.12329899999999999	20.309209199999998	2.1294475999999998	2.11037792	907.0
TOI-4010 d	6.176159	0.134508	0.14571699999999999	38.14889484	3.27045012	3.21959764	650.0
TOI-406.01	2.084874	0.156926	0.14571699999999999	6.56950476	1.0011581999999999	0.8994532399999999	368.0
TOI-4087 b	13.047275999999998	0.280225	0.269016	232.01443999999998	44.49592	44.49592	1458.0
TOI-4127 b	12.285064	0.437151	0.358688	731.0043999999999	34.961079999999995	34.961079999999995	605.1
TOI-4137 b	13.574099	0.44836	0.437151	457.67231999999996	54.03076	47.67419999999999	1570.0
TOI-4153 b	16.118541999999998	0.504405	0.47077800000000003	365.50219999999996	57.209039999999995	57.209039999999995	1669.0
TOI-4201 b	12.688587999999998	0.325061	0.325061	824.76366	20.023163999999998	19.069679999999998	739.0
TOI-421 b	2.6453239999999996	0.078463	0.078463	6.69981424	0.6006949199999999	0.6006949199999999	922.0
TOI-421 c	5.088886	0.067254	0.067254	14.098850079999998	1.3984432	1.3984432	635.0
TOI-431 b	1.277826	0.044836	0.044836	3.07021848	0.3496108	0.3496108	1862.0
TOI-431 d	3.2954459999999997	0.089672	0.089672	9.900342199999999	1.52875268	1.4906133199999998	633.0
TOI-4377 b	15.109732000000001	0.907929	0.907929	304.16139599999997	28.286691999999995	27.651035999999994	
TOI-4379 b	16.690201000000002	0.8855109999999999	0.8855109999999999	353.74256399999996	22.565787999999998	22.565787999999998	
TOI-4406 b	11.209	0.22418	0.22418	95.34839999999998	9.534839999999999	9.534839999999999	904.0
TOI-4438 b	2.522025	0.134508	0.134508	5.39989772	1.0996848799999999	1.0996848799999999	435.0
TOI-4463 A b	13.260247	0.717376	0.504405	252.35543199999998	12.395292	12.71312	1395.0
TOI-4504 c	11.09691	0.56045	0.56045	1197.3216415999998	57.52686799999999	57.908261599999996	
TOI-4515 b	12.172974	0.437151	0.437151	637.2451399999999	16.527055999999998	16.527055999999998	705.0
TOI-4562 b	12.531662	0.156926	0.14571699999999999	731.0043999999999	152.55743999999999	149.37915999999998	318.0
TOI-4603 b	11.679778	0.425942	0.392315	4096.80292	184.34023999999997	181.16195999999997	1677.0
TOI-4791 b	12.44199	0.56045	0.56045	734.18268	101.70496	104.88324	1472.0
TOI-481 b	11.09691	0.11209	0.11209	486.27684	9.534839999999999	9.534839999999999	1370.0
TOI-4860 b	8.63093	0.33626999999999996	0.33626999999999996	86.767044	1.906968	1.906968	694.0
TOI-4914 b	12.867931999999998	0.358688	0.358688	226.99911415999998	12.999165199999998	12.999165199999998	894.0
TOI-4994 b	8.541258	0.33626999999999996	0.302643	88.99184	11.759635999999999	10.806151999999999	717.6
TOI-500 b	1.1657359999999999	0.056045	0.056045	1.4206911599999998	0.18116195999999998	0.18116195999999998	1617.0
TOI-5005 b	6.254622	0.23538900000000001	0.23538900000000001	32.736284	5.720903999999999	5.720903999999999	1040.0
TOI-5076 b	3.1945649999999994	0.10088099999999998	0.10088099999999998	15.999461519999999	1.9991381199999998	1.9991381199999998	615.0
TOI-5108 b	6.602100999999999	0.10088099999999998	0.10088099999999998	31.998923039999998	4.99943444	4.99943444	1180.0
TOI-5153 b	11.88154	0.44836	0.44836	1036.11928	57.209039999999995	54.03076	906.0
TOI-519 b	11.870330999999998	0.22418	0.22418	166.8597	20.340992	20.340992	754.0
TOI-5205 b	11.54527	0.33626999999999996	0.33626999999999996	343.25424	19.069679999999998	19.069679999999998	737.0
TOI-5232 b	12.778259999999998	0.5716589999999999	0.504405	743.7175199999999	50.85248	50.85248	1772.0
TOI-5293 A b	11.88154	0.44836	0.44836	171.62712	22.24796	22.24796	675.0
TOI-530 b	9.303469999999999	0.6725399999999999	0.6725399999999999	127.13119999999999	28.604519999999997	31.782799999999998	565.0
TOI-5301 b	13.192993	0.8855109999999999	0.8070479999999999	1160.0721999999998	120.77463999999999	123.95291999999999	1655.0
TOI-532 b	5.817471	0.190553	0.190553	61.499717999999994	9.700110559999999	9.29964728	867.0
TOI-5344 b	10.603713999999998	0.23538900000000001	0.23538900000000001	130.945136	12.71312	12.71312	689.0
TOI-5398 b	10.301071	0.40352399999999994	0.40352399999999994	58.699653319999996	5.69865604	5.6001293599999995	947.0
TOI-544 b	2.01762	0.078463	0.078463	2.88905652	0.47992028	0.47992028	999.0
TOI-5542 b	11.309880999999999	0.40352399999999994	0.392315	419.53296	31.782799999999998	31.782799999999998	441.0
TOI-558 b	12.172974	0.459569	0.425942	1147.35908	47.67419999999999	47.67419999999999	1061.0
TOI-559 b	12.229019	0.313852	0.280225	1910.1462799999997	76.27871999999999	73.10043999999999	1180.0
TOI-561 b	1.3674979999999999	0.044836	0.044836	2.2406873999999997	0.20023164	0.20023164	
TOI-561 c	2.91434	0.044836	0.044836	6.601287559999999	0.7310043999999999	0.7310043999999999	
TOI-561 d	2.824668	0.067254	0.067254	12.150564439999998	1.0996848799999999	1.0996848799999999	
TOI-561 e	2.544443	0.134508	0.134508	13.599860119999999	1.3984432	1.3984432	
TOI-5678 b	4.909542	0.078463	0.078463	20.00091604	4.00145452	4.00145452	513.0
TOI-5688 A b	10.31228	0.594077	0.694958	123.95291999999999	23.519271999999997	24.472755999999997	742.0
TOI-5786 b	8.541258	0.134508	0.134508	72.99873504	9.00088896	9.00088896	1040.0
TOI-6016 b	13.67498	0.33626999999999996	0.33626999999999996	371.85875999999996	28.604519999999997	28.604519999999997	1890.0
TOI-6029 b	14.392356	1.098482	1.098482	519.64878	10.170496	10.170496	
TOI-6034 b	11.915166999999999	0.47077800000000003	0.47077800000000003	253.626744	23.837099999999996	23.837099999999996	714.0
TOI-6038 A b	6.411547999999999	0.20176199999999997	0.156926	78.50033771999999	9.499878919999999	9.900342199999999	1439.0
TOI-6130 b	14.34752	0.33626999999999996	0.33626999999999996	333.7194	19.069679999999998	19.069679999999998	1750.0
TOI-615 b	18.976837	0.5828679999999999	0.638913	138.25518	27.333207999999996	26.061895999999997	1666.0
TOI-622 b	9.236215999999999	0.313852	0.325061	96.30188399999999	21.930132	22.883615999999996	1388.0
TOI-6255 b	1.076064	0.067254	0.067254	1.43976084	0.13984432	0.13984432	
TOI-628 b	11.88154	0.459569	0.381106	2011.85124	92.17011999999998	98.52667999999998	1586.0
TOI-6383 A b	11.298672	0.40352399999999994	0.36989700000000003	330.54112	29.875832	29.875832	745.0
TOI-640 b	19.851139	0.6725399999999999	0.627704	279.68863999999996	50.85248	50.85248	1749.0
TOI-663 b	2.275427	0.10088099999999998	0.089672	4.449592	0.6292994399999999	0.6610822399999999	674.0
TOI-6651 b	5.088886	0.269016	0.257807	61.00072803999999	7.59926748	7.901204079999999	1493.0
TOI-669 b	2.600488	0.16813499999999998	0.16813499999999998	9.79863724	1.50014816	1.50014816	1235.0
TOI-674 b	5.245812	0.16813499999999998	0.16813499999999998	23.598729	3.29905464	3.29905464	635.0
TOI-677 b	13.114529999999998	0.33626999999999996	0.33626999999999996	392.835408	21.930132	21.294476	1252.0
TOI-733 b	1.995202	0.089672	0.089672	5.720903999999999	0.6992216	0.6801519199999999	1055.8
TOI-757 b	2.499607	0.10088099999999998	0.10088099999999998	10.50103712	2.1993697599999997	2.1008430799999998	641.0
TOI-762 A b	8.339496	0.190553	0.190553	79.774828	13.348775999999999	13.348775999999999	555.4
TOI-763 b	2.275427	0.11209	0.11209	9.789102399999999	0.7786785999999999	0.7786785999999999	1038.0
TOI-763 c	2.634115	0.12329899999999999	0.12329899999999999	9.31871696	1.02022788	1.02022788	800.0
TOI-776 b	1.849485	0.134508	0.134508	4.00145452	0.8994532399999999	0.8994532399999999	514.0
TOI-778 b	15.35633	0.44836	0.44836	889.9183999999999	63.565599999999996	63.565599999999996	1561.0
TOI-815 b	2.936758	0.044836	0.044836	7.59926748	1.50014816	1.3984432	686.0
TOI-815 c	2.622906	0.10088099999999998	0.089672	23.50020232	2.3996014	2.3996014	469.0
TOI-824 b	2.925549	0.20176199999999997	0.190553	18.4658068	1.8434023999999998	1.8751851999999998	1253.0
TOI-836 b	1.703768	0.067254	0.067254	4.529049	0.91852292	0.86131388	871.0
TOI-837 b	9.168961999999999	0.381106	0.269016	120.45681199999999	18.434024	19.387507999999997	995.3
TOI-849 b	3.441163	0.156926	0.11209	39.08966572	2.66022036	2.5489805599999995	
TOI-858 B b	14.067294999999998	0.437151	0.437151	349.6108	25.42624	22.24796	1529.0
TOI-892 b	11.99363	0.22418	0.22418	301.93659999999994	22.24796	22.24796	1397.0
TOI-905 b	13.125739	0.594077	0.5716589999999999	211.991276	13.348775999999999	13.030947999999999	1192.0
TOI-954 b	9.550068	0.594077	0.694958	55.30207199999999	5.720903999999999	5.4030759999999995	1526.0
TOI-969 b	2.768623	0.089672	0.10088099999999998	9.099415639999998	1.0011581999999999	1.0011581999999999	941.0
TRAPPIST-1 b	1.1209	0.011209	0.011209	1.37301696	0.06992216	0.06992216	
TRAPPIST-1 c	1.098482	0.011209	0.011209	1.30945136	0.057209039999999996	0.057209039999999996	
TRAPPIST-1 d	0.78463	0.011209	0.011209	0.38775015999999995	0.01271312	0.01271312	
TRAPPIST-1 e	0.919138	0.011209	0.011209	0.6928650399999999	0.022247959999999997	0.022247959999999997	
TRAPPIST-1 f	1.042437	0.011209	0.011209	1.0392975599999998	0.0317828	0.0317828	
TRAPPIST-1 g	1.132109	0.011209	0.011209	1.3221644799999999	0.03813936	0.03813936	
TRAPPIST-1 h	0.751003	0.011209	0.011209	0.32736284	0.01906968	0.01906968	
TrES-1 b	11.960002999999999	0.24659799999999998	0.23538900000000001	221.52611599999997	8.899184	8.581356	
TrES-2 b	13.977623000000001	0.56045	0.504405	380.440116	21.612303999999998	21.612303999999998	1470.0
TrES-3 b	14.975224	0.347479	0.41473299999999996	572.4082279999999	24.790584	26.379724	
TrES-4 b	20.602142	0.907929	1.00881	157.00703199999998	11.12398	11.12398	1795.0
TrES-5 b	13.551681	0.23538900000000001	0.23538900000000001	565.098184	20.023163999999998	20.023163999999998	
WASP-1 b	16.241841	0.459569	0.459569	268.88248799999997	17.162712	17.162712	1812.0
WASP-10 b	14.34752	0.863093	1.020019	940.7708799999999	69.92215999999999	54.03076	
WASP-101 b	15.804689999999999	0.56045	0.56045	157.96051599999998	15.573571999999999	15.255744	
WASP-103 b	17.127352	0.8182569999999999	0.5268229999999999	462.43974	28.604519999999997	28.922347999999996	
WASP-104 b	12.744633	0.41473299999999996	0.41473299999999996	403.005904	15.891399999999999	15.573571999999999	
WASP-105 b	10.760639999999999	0.33626999999999996	0.33626999999999996	572.0903999999999	31.782799999999998	31.782799999999998	900.0
WASP-106 b	12.161764999999999	0.515614	0.313852	606.733652	25.108411999999998	25.108411999999998	
WASP-107 b	10.53646	0.22418	0.22418	38.139359999999996	3.17828	3.17828	770.0
WASP-11 b	11.265044999999999	0.358688	0.302643	154.78223599999998	5.720903999999999	5.720903999999999	
WASP-110 b	13.876742	0.627704	0.627704	162.09228	20.340992	20.340992	
WASP-114 b	15.008851	0.717376	0.717376	562.2377319999999	20.340992	20.340992	2043.0
WASP-117 b	11.444389	0.851884	0.728585	87.561614	2.8604519999999996	2.8604519999999996	1001.0
WASP-118 b	16.14096	0.40352399999999994	0.40352399999999994	163.36359199999998	6.35656	6.35656	1729.0
WASP-12 b	21.297099999999997	0.638913	0.616495	467.20715999999993	24.154927999999998	21.930132	2580.0
WASP-120 b	16.510857	1.076064	1.076064	1541.4657999999997	66.74387999999999	66.74387999999999	1880.0
WASP-121 b	20.904785	0.49319599999999997	0.49319599999999997	375.990524	20.340992	19.705336	2358.0
WASP-123 b	14.773462	0.728585	0.728585	285.727372	11.441807999999998	11.441807999999998	1520.0
WASP-124 b	13.89916	0.33626999999999996	0.33626999999999996	190.69679999999997	22.24796	22.24796	1400.0
WASP-126 b	10.760639999999999	1.1209	0.56045	88.99184	12.71312	12.71312	1480.0
WASP-127 b	15.35633	0.44836	0.44836	57.209039999999995	6.35656	6.35656	1400.0
WASP-129 b	10.42437	0.33626999999999996	0.33626999999999996	317.828	31.782799999999998	31.782799999999998	1100.0
WASP-13 b	15.569301	0.504405	0.627704	151.60395599999998	13.984431999999998	15.573571999999999	
WASP-130 b	9.97601	0.33626999999999996	0.33626999999999996	390.92843999999997	12.71312	12.71312	833.0
WASP-131 b	13.67498	0.56045	0.56045	85.81356	6.35656	6.35656	1460.0
WASP-132 b	10.099309	0.425942	0.425942	136.030384	4.7674199999999995	4.7674199999999995	682.0
WASP-133 b	13.56289	0.56045	0.56045	368.68047999999993	28.604519999999997	28.604519999999997	1790.0
WASP-135 b	14.5717	1.00881	1.00881	603.8731999999999	25.42624	25.42624	
WASP-138 b	12.21781	0.56045	0.56045	387.75015999999994	25.42624	25.42624	1590.0
WASP-139 b	8.9672	0.56045	0.56045	37.185876	5.4030759999999995	5.4030759999999995	910.0
WASP-14 b	14.358728999999999	0.840675	0.919138	2294.71816	155.73572	158.914	
WASP-141 b	13.56289	0.89672	0.89672	854.9573199999999	47.67419999999999	47.67419999999999	1540.0
WASP-142 b	17.14977	0.89672	0.89672	266.97551999999996	28.604519999999997	28.604519999999997	2000.0
WASP-144 b	9.52765	0.56045	0.56045	139.84431999999998	19.069679999999998	19.069679999999998	1260.0
WASP-148 b	8.474003999999999	0.14571699999999999	0.190553	91.21663599999998	6.992215999999999	5.085248	
WASP-15 b	15.782271999999999	0.515614	0.515614	188.15417599999998	6.0387319999999995	6.0387319999999995	1676.0
WASP-150 b	11.99363	0.269016	0.280225	2688.82488	88.99184	63.565599999999996	1460.0
WASP-151 b	13.305083	0.23538900000000001	0.23538900000000001	100.43364799999999	9.852668	9.852668	1312.0
WASP-153 b	17.37395	1.1209	0.89672	123.95291999999999	6.35656	6.35656	1700.0
WASP-156 b	5.71659	0.22418	0.22418	40.681984	3.17828	2.8604519999999996	970.0
WASP-157 b	11.937584999999999	0.5268229999999999	0.5268229999999999	182.43327199999996	29.558003999999997	29.558003999999997	1339.0
WASP-159 b	15.468419999999998	1.00881	1.00881	174.8054	25.42624	25.42624	1850.0
WASP-16 b	13.652562	0.44836	0.44836	264.43289599999997	12.077463999999999	12.077463999999999	1389.0
WASP-160 B b	12.21781	0.5268229999999999	0.459569	88.356184	13.984431999999998	14.302259999999999	1119.0
WASP-161 b	12.811887	0.728585	0.650122	791.39172	66.74387999999999	66.74387999999999	1557.0
WASP-162 b	11.209	0.56045	0.56045	1652.7056	63.565599999999996	63.565599999999996	910.0
WASP-164 b	12.643752	0.459569	0.48198699999999994	676.9736399999999	38.139359999999996	41.31764	1610.0
WASP-166 b	7.0616699999999994	0.33626999999999996	0.33626999999999996	32.100628	1.58914	1.58914	1270.0
WASP-17 b	22.261074	0.997601	0.8294659999999999	143.976084	13.666603999999998	11.12398	
WASP-170 b	12.285064	0.9527650000000001	0.9527650000000001	508.52479999999997	63.565599999999996	63.565599999999996	1422.0
WASP-171 b	10.98482	0.78463	0.44836	344.525552	29.875832	29.875832	1642.0
WASP-172 b	17.59813	1.1209	1.1209	149.37915999999998	31.782799999999998	31.782799999999998	1740.0
WASP-173 A b	14.403564999999999	1.3450799999999998	0.7958389999999999	1102.8631599999999	47.67419999999999	44.49592	1842.0
WASP-175 b	13.540472	0.907929	0.907929	314.64971999999995	41.31764	41.31764	1571.0
WASP-176 b	16.869545	0.56045	0.504405	271.74294	22.883615999999996	21.930132	1721.0
WASP-178 b	20.28829	1.00881	1.00881	527.59448	38.139359999999996	38.139359999999996	2470.0
WASP-18 b	14.201802999999998	0.694958	0.504405	3213.24108	76.27871999999999	66.74387999999999	
WASP-180 A b	13.89916	0.44836	0.44836	286.04519999999997	31.782799999999998	31.782799999999998	1540.0
WASP-181 b	13.271455999999999	0.7958389999999999	0.6613309999999999	95.03057199999999	10.806151999999999	10.806151999999999	1186.0
WASP-182 b	9.52765	0.33626999999999996	0.33626999999999996	47.038543999999995	3.4961079999999995	3.4961079999999995	1479.0
WASP-184 b	14.90797	1.00881	1.00881	181.16195999999997	31.782799999999998	31.782799999999998	1480.0
WASP-185 b	14.01125	0.89672	0.89672	311.47144	19.069679999999998	19.069679999999998	1160.0
WASP-186 b	12.44199	0.33626999999999996	0.33626999999999996	1341.2341599999997	57.209039999999995	57.209039999999995	
WASP-187 b	18.382759999999998	0.56045	0.56045	254.26239999999999	28.604519999999997	28.604519999999997	
WASP-19 b	15.602927999999999	0.44836	0.44836	339.75813199999993	12.077463999999999	11.759635999999999	2520.0
WASP-190 b	12.890349999999998	1.00881	1.00881	317.828	31.782799999999998	31.782799999999998	1500.0
WASP-192 b	13.78707	0.89672	0.89672	731.0043999999999	50.85248	50.85248	1620.0
WASP-2 b	11.690986999999998	0.36989700000000003	0.36989700000000003	269.200316	14.302259999999999	14.302259999999999	1281.0
WASP-20 b	16.387558	0.6613309999999999	0.6613309999999999	98.84450799999999	6.0387319999999995	5.720903999999999	
WASP-21 b	11.99363	0.6725399999999999	0.6725399999999999	95.34839999999998	3.4961079999999995	3.4961079999999995	
WASP-22 b	12.55408	0.44836	0.44836	177.98368	6.35656	6.35656	1430.0
WASP-23 b	10.783057999999999	0.5268229999999999	0.627704	279.370812	30.193659999999998	31.782799999999998	
WASP-24 b	14.5717	0.437151	0.425942	336.89768	9.534839999999999	9.217012	
WASP-25 b	13.67498	0.6725399999999999	0.56045	182.43327199999996	13.348775999999999	13.348775999999999	
WASP-26 b	14.79588	0.89672	0.89672	329.905464	6.35656	6.6743879999999995	
WASP-28 b	13.596517	0.47077800000000003	0.47077800000000003	287.952168	14.620087999999999	13.984431999999998	
WASP-29 b	8.698184	0.48198699999999994	0.48198699999999994	77.55003199999999	6.35656	6.35656	970.0
WASP-3 b	14.45961	0.56045	0.78463	559.3772799999999	25.42624	44.49592	
WASP-31 b	17.362741	0.56045	0.56045	151.92178399999997	9.217012	9.217012	
WASP-32 b	12.3299	0.44836	0.44836	1109.21972	38.139359999999996	34.961079999999995	
WASP-33 b	17.855937	0.8294659999999999	0.8294659999999999	665.2140039999999	44.178092	44.178092	2781.7
WASP-34 b	13.67498	1.23299	0.89672	185.29372399999997	9.534839999999999	9.852668	
WASP-35 b	14.79588	0.56045	0.56045	222.79742799999997	6.0387319999999995	6.0387319999999995	
WASP-36 b	14.358728999999999	0.29143399999999997	0.29143399999999997	726.554808	20.976648	20.976648	1724.0
WASP-37 b	13.002439999999998	0.78463	0.6725399999999999	546.6641599999999	54.03076	54.03076	
WASP-38 b	12.21781	0.22418	0.22418	841.6085439999999	18.116196	18.434024	
WASP-39 b	14.23543	0.44836	0.44836	88.99184	9.534839999999999	9.534839999999999	
WASP-4 b	15.031269	0.257807	0.325061	397.28499999999997	15.891399999999999	16.209227999999996	
WASP-41 b	13.226619999999999	0.33626999999999996	0.33626999999999996	298.75831999999997	15.891399999999999	15.891399999999999	1244.0
WASP-42 b	12.10572	0.638913	0.638913	158.914	11.12398	11.12398	
WASP-43 b	11.612524	0.212971	0.212971	651.5473999999999	15.891399999999999	16.527055999999998	
WASP-44 b	10.98482	0.358688	0.358688	275.556876	20.340992	20.340992	1304.0
WASP-45 b	10.603713999999998	0.650122	0.5716589999999999	306.38619199999994	18.434024	17.798368	1153.0
WASP-46 b	13.159365999999999	0.36989700000000003	0.36989700000000003	603.8731999999999	34.961079999999995	34.961079999999995	
WASP-47 b	12.856723	0.10088099999999998	0.10088099999999998	374.00092071999995	17.00061972	15.999461519999999	
WASP-47 d	3.654134	0.033627	0.033627	15.50047156	0.6992216	0.8994532399999999	
WASP-47 e	1.827067	0.022418	0.022418	9.00088896	0.6006949199999999	0.40046328	
WASP-48 b	18.71903	1.1209	1.1209	327.68066799999997	14.620087999999999	14.302259999999999	
WASP-49 b	12.498035	0.5268229999999999	0.5268229999999999	120.138984	8.581356	8.581356	
WASP-5 b	12.778259999999998	1.1209	0.44836	494.2225399999999	20.976648	22.883615999999996	
WASP-50 b	12.923977	0.538032	0.538032	464.02887999999996	27.651035999999994	27.651035999999994	
WASP-52 b	14.23543	0.33626999999999996	0.33626999999999996	145.883052	6.992215999999999	6.6743879999999995	
WASP-53 b	12.038466	0.41473299999999996	0.41473299999999996	677.609296	29.240175999999998	29.875832	1053.0
WASP-54 b	18.528477	1.00881	0.930347	192.60376799999997	5.720903999999999	5.720903999999999	
WASP-55 b	14.5717	0.56045	0.33626999999999996	181.16195999999997	12.71312	12.71312	
WASP-56 b	12.240228	0.392315	0.36989700000000003	190.37897199999998	12.71312	12.395292	
WASP-57 b	11.76945	0.5828679999999999	0.5828679999999999	204.363404	17.798368	17.162712	
WASP-6 b	13.719816	0.5716589999999999	0.5828679999999999	153.510924	8.263527999999999	9.534839999999999	
WASP-61 b	13.89916	0.33626999999999996	0.33626999999999996	651.5473999999999	57.209039999999995	54.03076	
WASP-62 b	15.580509999999999	0.6725399999999999	0.6725399999999999	181.16195999999997	12.71312	12.71312	
WASP-63 b	16.028869999999998	1.1209	0.6725399999999999	120.77463999999999	9.534839999999999	9.534839999999999	
WASP-64 b	14.246638999999998	0.437151	0.437151	388.067988	23.201443999999995	22.565787999999998	
WASP-65 b	12.464408	0.6613309999999999	0.6613309999999999	489.45511999999997	47.67419999999999	50.85248	
WASP-66 b	15.580509999999999	1.00881	1.00881	737.3609599999999	41.31764	41.31764	
WASP-68 b	13.89916	1.1209	0.6725399999999999	301.93659999999994	9.534839999999999	9.534839999999999	1490.0
WASP-69 b	11.847912999999998	0.5268229999999999	0.5268229999999999	82.63528	5.4030759999999995	5.4030759999999995	963.0
WASP-7 b	14.90797	1.042437	1.042437	305.11487999999997	41.31764	41.31764	1487.0
WASP-70 A b	13.047275999999998	0.8182569999999999	1.1433179999999998	187.51851999999997	6.992215999999999	6.992215999999999	1387.0
WASP-74 b	17.48604	0.6725399999999999	0.6725399999999999	301.93659999999994	19.069679999999998	19.069679999999998	1910.0
WASP-75 b	14.23543	0.538032	0.538032	340.07596	15.891399999999999	15.891399999999999	1710.0
WASP-76 b	20.51247	0.6725399999999999	0.44836	292.40175999999997	9.534839999999999	9.534839999999999	2160.0
WASP-77 A b	13.56289	0.22418	0.22418	559.3772799999999	19.069679999999998	19.069679999999998	
WASP-78 b	17.82231	1.1209	1.1209	259.66547599999996	23.837099999999996	21.930132	
WASP-8 b	11.634942	0.078463	0.5268229999999999	677.609296	25.42624	25.744068	
WASP-80 b	11.197791	0.33626999999999996	0.347479	170.991464	11.12398	11.441807999999998	825.0
WASP-81 b	16.017661	0.5716589999999999	0.515614	231.696612	11.441807999999998	11.12398	1623.0
WASP-82 b	18.71903	0.78463	0.56045	394.10671999999994	12.71312	12.71312	2190.0
WASP-83 b	11.65736	0.89672	0.56045	95.34839999999998	9.534839999999999	9.534839999999999	1120.0
WASP-84 b	10.939983999999999	0.280225	0.280225	218.347836	10.488324	10.488324	833.0
WASP-85 A b	13.89916	0.33626999999999996	0.33626999999999996	402.0524199999999	20.65882	20.65882	1452.0
WASP-87 b	15.524465	0.6725399999999999	0.6725399999999999	692.86504	47.67419999999999	47.67419999999999	
WASP-88 b	19.0553	1.45717	0.78463	181.16195999999997	24.472755999999997	24.790584	
WASP-89 b	11.65736	0.44836	0.44836	1843.4023999999997	108.06152	114.41807999999999	
WASP-90 b	18.27067	1.00881	1.00881	200.23164	22.24796	22.24796	1840.0
WASP-91 b	11.54527	0.44836	0.44836	425.88952	25.42624	25.42624	1160.0
WASP-92 b	16.376349	0.863093	0.863093	255.85154	21.612303999999998	21.612303999999998	1871.0
WASP-93 b	17.900772999999997	0.863093	0.863093	467.20715999999993	92.17011999999998	92.17011999999998	1942.0
WASP-94 A b	19.27948	0.6725399999999999	0.56045	143.658256	11.12398	10.170496	1604.0
WASP-95 b	13.56289	0.6725399999999999	0.6725399999999999	359.14563999999996	31.782799999999998	12.71312	1570.0
WASP-96 b	13.4508	0.6725399999999999	0.6725399999999999	152.55743999999999	9.534839999999999	9.534839999999999	1285.0
WASP-97 b	12.66617	0.6725399999999999	0.6725399999999999	419.53296	15.891399999999999	15.891399999999999	1555.0
WASP-98 b	12.3299	0.44836	0.44836	263.79724	22.24796	22.24796	1180.0
WASP-99 b	12.3299	0.89672	0.56045	883.5618399999998	41.31764	41.31764	1480.0
WTS-2 b	15.277866999999999	0.6837489999999999	0.6837489999999999	355.96736	50.85248	50.85248	2000.0
Wendelstein-1 b	11.556479	0.067254	0.067254	188.15417599999998	52.44162	40.999812	2198.0
Wolf 327 b	1.244199	0.056045	0.056045	2.5299108799999996	0.46085059999999994	0.46085059999999994	996.0
Wolf 503 b	2.040038	0.067254	0.067254	6.261211599999999	0.68968676	0.6992216	790.0
XO-1 b	13.518054	0.5268229999999999	0.47077800000000003	290.176964	12.077463999999999	12.077463999999999	
XO-2 N b	11.421971	0.347479	0.347479	189.74331599999996	6.6743879999999995	6.6743879999999995	
XO-3 b	13.641353	0.8182569999999999	0.8182569999999999	3718.5875999999994	133.48775999999998	136.66603999999998	
XO-4 b	15.02006	0.56045	0.56045	512.338736	8.581356	8.899184	
XO-5 b	12.430781	0.56045	0.56045	332.448088	10.488324	10.488324	
XO-7 b	15.389956999999999	0.29143399999999997	0.29143399999999997	225.34005199999996	10.806151999999999	10.806151999999999	1743.0
pi Men c	2.1095338	0.05044049999999999	0.05044049999999999	4.290678	0.6992216	0.6992216	
